"Table: [Spiel 1] Welche Spiele hast du in den letzten 21 Tagen genutzt? (Gib bei Addons/Mods bitte das Hauptspiel an.)"	"n"	"sum"
"()"	8788	8788
"Dragon Age: Inquisition (2014)"	521	9309
"Assassin's Creed: Unity (2014)"	474	9783
"Far Cry 4 (2014)"	451	10234
"Battlefield 4 (2013)"	439	10673
"Grand Theft Auto V (2013)"	413	11086
"Counter-Strike: Global Offensive (2012)"	344	11430
"The Elder Scrolls V: Skyrim (2011)"	324	11754
"World of Warcraft (2005)"	317	12071
"Diablo III (2012)"	273	12344
"League of Legends (2009)"	262	12606
"FIFA 15 (2014)"	258	12864
"Minecraft (2010)"	220	13084
"Call of Duty: Advanced Warfare (2014)"	192	13276
"Destiny (2014)"	176	13452
"Mittelerde: Mordors Schatten (2014)"	166	13618
"The Crew (2014)"	160	13778
"PayDay 2 (2013)"	154	13932
"Sid Meier's Civilization V (2011)"	151	14083
"Dragon Age: Origins (2009)"	143	14226
"Far Cry 3 (2012)"	136	14362
"Dota 2 (.)"	131	14493
"Borderlands 2 (2012)"	130	14623
"Hearthstone: Heroes of Warcraft (.)"	126	14749
"The Evil Within (2014)"	125	14874
"Assassin's Creed IV: Black Flag (2013)"	120	14994
"Battlefield 3 (2011)"	118	15112
"Alien: Isolation (2014)"	117	15229
"ArmA 2 (2009)"	116	15345
"Super Smash Bros 4 (2014)"	114	15459
"The Binding of Isaac: Rebirth (2014)"	110	15569
"Total War: Rome II (2013)"	108	15677
"ArmA 3 (2013)"	106	15783
"The Walking Dead ()"	102	15885
"Borderlands: The Pre-Sequel (2014)"	97	15982
"Guild Wars 2 (2012)"	97	16079
"Mario Kart 8 (2014)"	92	16171
"Pokémon: Alpha Saphir (.)"	89	16260
"Sid Meier's Civilization: Beyond Earth (2014)"	85	16345
"World of Tanks (2011)"	85	16430
"Watch_Dogs (2014)"	82	16512
"Halo - The Master Chief Collection (.)"	81	16593
"StarCraft II: Wings of Liberty (2010)"	80	16673
"Europa Universalis IV (2013)"	79	16752
"The Last of Us (2013)"	74	16826
"War Thunder (2012)"	70	16896
"Team Fortress 2 (2007)"	69	16965
"Dark Souls II (2014)"	67	17032
"Star Wars: The Old Republic (2011)"	67	17099
"Company of Heroes 2 (2013)"	66	17165
"The Witcher 2: Assassins of Kings (2011)"	66	17231
"Tomb Raider (1996)"	65	17296
"Counter-Strike (2003)"	64	17360
"Forza Horizon 2 (2014)"	62	17422
"The Binding of Isaac (2011)"	62	17484
"This War of Mine (2014)"	61	17545
"Wolfenstein: The New Order (2014)"	59	17604
"Titanfall (2014)"	58	17662
"Lords of the Fallen (2014)"	56	17718
"Wasteland 2 (2014)"	56	17774
"Game of Thrones (2012)"	55	17829
"Left 4 Dead 2 (2009)"	54	17883
"The Wolf Among Us (2014)"	53	17936
"Warframe (2013)"	50	17986
"Dark Souls (2011)"	49	18035
"Saints Row IV (2013)"	49	18084
"Call of Duty (2003)"	47	18131
"Clash of Clans (2012)"	47	18178
"Garry's Mod (2006)"	47	18225
"Risen 3: Titan Lords (2014)"	47	18272
"BioShock Infinite (2013)"	46	18318
"Kerbal Space Program (2012)"	46	18364
"Star Citizen (2016)"	46	18410
"(???) Assassin's Creed ()"	45	18455
"Divinity: Original Sin (2014)"	45	18500
"Assassin's Creed III (2012)"	44	18544
"Fallout: New Vegas (2010)"	44	18588
"Euro Truck Simulator 2 (2012)"	42	18630
"NBA 2k15 (.)"	42	18672
"Planetside 2 (2013)"	42	18714
"FTL: Faster Than Light (2012)"	41	18755
"Mass Effect 3 (2012)"	41	18796
"Mount&Blade: Warband (2010)"	41	18837
"South Park: Der Stab der Wahrheit (2014)"	41	18878
"Banished (2014)"	40	18918
"Crusader Kings II (2012)"	40	18958
"Call of Duty: Black Ops II (2012)"	39	18997
"Dishonored: Die Maske des Zorns (2012)"	39	19036
"FIFA 14 (2013)"	39	19075
"Insurgency: Modern Infantry Combat (2007)"	39	19114
"Half-Life 2 (2004)"	37	19151
"Killing Floor (2009)"	37	19188
"Elite: Dangerous (2014)"	36	19224
"Valkyria Chronicles (2008)"	36	19260
"Mass Effect (2007)"	35	19295
"Driveclub (2014)"	33	19328
"Borderlands (2009)"	32	19360
"Counter-Strike: Source (2004)"	32	19392
"Grand Theft Auto IV (2008)"	32	19424
"Halo: Combat Evolved (2001)"	32	19456
"Path of Exile (2013)"	32	19488
"Portal 2 (2011)"	32	19520
"Anno 2070 (2012)"	31	19551
"Fallout 3 (2008)"	31	19582
"The Elder Scrolls Online (2014)"	31	19613
"Warcraft III: Reign of Chaos (2002)"	31	19644
"Pflanzen gegen Zombies: Garden Warfare (2014)"	31	19675
"Call of Duty: Ghosts (2013)"	30	19705
"Pro Evolution Soccer 2015 (2014)"	30	19735
"Sunset Overdrive (.)"	30	19765
"(???) Super Smash Bros. ()"	29	19794
"Die Sims 4 (2014)"	29	19823
"Don't Starve (2014)"	29	19852
"The Witcher (2007)"	29	19881
"Age of Empires II: The Age of Kings (1999)"	28	19909
"DayZ Standalone (2013)"	28	19937
"Dragon Age II (2011)"	28	19965
"Space Engieeners (2013)"	28	19993
"Bayonetta 2 (2014)"	27	20020
"Heroes of the Storm (2015)"	27	20047
"Terraria (2013)"	27	20074
"Anno 1404 (2009)"	26	20100
"Assassin's Creed Rogue (2014)"	26	20126
"EVE Online (2006)"	26	20152
"Final Fantasy XIII (2010)"	26	20178
"Gothic II (2003)"	26	20204
"Hyrule Warriors (2014)"	26	20230
"Star Trek Online (2010)"	26	20256
"Train Fever (2014)"	26	20282
"Assassin's Creed II (2009)"	25	20307
"Landwirtschafts-Simulator 2015 (2014)"	25	20332
"Tales from the Borderlands (2014)"	24	20356
"The Last of Us: Remastered (2014)"	24	20380
"Total War: Shogun 2 (2011)"	24	20404
"XCOM: Enemy Unknown (2012)"	24	20428
"7 Days to Die (2013)"	23	20451
"Company of Heroes (2006)"	23	20474
"Injustice: Gods Among Us (2013)"	23	20497
"Shadow Warrior (1997)"	23	20520
"inFAMOUS Second Son (2014)"	23	20543
"ArcheAge (2013)"	22	20565
"Final Fantasy XIV: A Realm Reborn (2013)"	22	20587
"Prison Architect (2013)"	22	20609
"Batman: Arkham Origins (2013)"	21	20630
"Dead Island (2011)"	21	20651
"Dead Rising 3 (2013)"	21	20672
"Hitman: Absolution (2012)"	21	20693
"Ryse: Son of Rome (2013)"	21	20714
"Deus Ex: Human Revolution (2011)"	20	20734
"Pokémon X (2013)"	20	20754
"The Vanishing of Ethan Carter (2014)"	20	20774
"Call of Duty: Modern Warfare 2 (2009)"	19	20793
"Gothic 3 (2006)"	19	20812
"Mass Effect 2 (2010)"	19	20831
"Metro 2033 Redux (2014)"	19	20850
"Papers, Please (2013)"	19	20869
"Red Dead Redemption (2010)"	19	20888
"The Forest (2014)"	19	20907
"Thief (1998)"	19	20926
"Valiant Hearts: The Great War (2014)"	19	20945
"Goat Simulator (2014)"	19	20964
"(???) Fifa ()"	18	20982
"GRID 2 (2013)"	18	21000
"MechWarrior Online (2013)"	18	21018
"Mirror's Edge (2008)"	18	21036
"Rising Storm (2013)"	18	21054
"State of Decay (2013)"	18	21072
"Chivalry: Medieval Warfare (2012)"	17	21089
"Darksiders 2 (2012)"	17	21106
"Endless Legend (2014)"	17	21123
"Enslaved: Odyssey to the West (2011)"	17	21140
"Forza Motorsport 5 (2013)"	17	21157
"(???) Pokémon ()"	16	21173
"Batman: Arkham City (2011)"	16	21189
"Battlefield: Bad Company 2 (2010)"	16	21205
"Bioshock (2008)"	16	21221
"Just Cause 2 (2010)"	16	21237
"Metro: Last Light (2013)"	16	21253
"Neverwinter Nights 2 (2006)"	16	21269
"Portal (2007)"	16	21285
"The Banner Saga (2014)"	16	21301
"The Simpsons: Springfield (.)"	16	21317
"Age of Empires II HD (2013)"	15	21332
"Alan Wake (2012)"	15	21347
"Assassin's Creed: Revelations (2011)"	15	21362
"Deponia (2012)"	15	21377
"Far Cry (2004)"	15	21392
"Legend of Grimrock 2 (2014)"	15	21407
"Quizduell (2012)"	15	21422
"Rocksmith 2014 (2013)"	15	21437
"(???) Battlefield ()"	14	21451
"Assetto Corsa (2014)"	14	21465
"BattleBlock Theater (2013)"	14	21479
"Child of Light (2014)"	14	21493
"Grid Autosport (2014)"	14	21507
"LEGO Batman 3: Beyond Gotham (2014)"	14	21521
"Pflanzen gegen Zombies (2009)"	14	21535
"Rayman Legends (2013)"	14	21549
"Saints Row: The Third (2011)"	14	21563
"Sleeping Dogs (2012)"	14	21577
"The Long Dark (2014)"	14	21591
"WWE 2k15 (2014)"	14	21605
"Wolfenstein (2009)"	14	21619
"Grand Theft Auto: San Andreas (2007)"	14	21633
"Planetary Annihilation (2014)"	14	21647
"Spec Ops: The Line (2012)"	14	21661
"2048 (.)"	13	21674
"Crysis 3 (2013)"	13	21687
"Dungeon of the Endless (2014)"	13	21700
"Empire: Total War (2009)"	13	21713
"Fantasy Life (2014)"	13	21726
"Far Cry 3: Blood Dragon (2013)"	13	21739
"Grand Theft Auto (1998)"	13	21752
"Half-Life (1998)"	13	21765
"Metal Gear Rising: Revengeance (2013)"	13	21778
"Plague Inc. (2012)"	13	21791
"Risk of Rain (2013)"	13	21804
"The Elder Scrolls IV: Oblivion (2006)"	13	21817
"Max Payne 3 (2012)"	13	21830
"Bayonetta (2010)"	12	21842
"Der Herr der Ringe Online (2007)"	12	21854
"Gothic (2001)"	12	21866
"Gran Turismo 6 (2013)"	12	21878
"Hearts of Iron III (2009)"	12	21890
"Kingdom hearts 2.5 HD Remix (.)"	12	21902
"LEGO Marvel Super Heroes (2013)"	12	21914
"Madden NFL 15 (2014)"	12	21926
"Mafia II (2010)"	12	21938
"Sid Meier's Civilization IV (2005)"	12	21950
"Sins of a Solar Empire (2008)"	12	21962
"Smite (.)"	12	21974
"Solitär (2008)"	12	21986
"Starbound (2013)"	12	21998
"Tropico 4 (2011)"	12	22010
"Far Cry 2 (2008)"	12	22022
"Never Alone (.)"	12	22034
"Tropico 5 (2014)"	12	22046
"(???) X-Com ()"	11	22057
"A Bird Story (2014)"	11	22068
"Assassin's Creed: Brotherhood (2010)"	11	22079
"Baldur's Gate (1998)"	11	22090
"Call of Duty 4: Modern Warfare (2007)"	11	22101
"Command and Conquer 3: Tiberium Wars (2006)"	11	22112
"Die Sims 3 (2009)"	11	22123
"Dungeons & Dragons: Neverwinter (2013)"	11	22134
"Endless Space (2012)"	11	22145
"FIFA 13 (2012)"	11	22156
"LittleBigPlanet 3 (2014)"	11	22167
"Metro 2033 (2010)"	11	22178
"Monument Valley (2014)"	11	22189
"Outlast (GOG) (2014)"	11	22200
"Spintires (2014)"	11	22211
"Star Wars: Knights of the Old Republic (2003)"	11	22222
"Tom Clancy's Splinter Cell: Blacklist (2013)"	11	22233
"XCOM: Enemy Within (2013)"	11	22244
"Baldur's Gate 2: Schatten von Amn (2006)"	10	22254
"Brothers: A Tale of Two Sons (2013)"	10	22264
"Call of Duty: Modern Warfare 3 (2011)"	10	22274
"Day of Defeat: Source (2005)"	10	22284
"Dead Island: Epidemic (2014)"	10	22294
"Demon's Souls (2010)"	10	22304
"Dreamfall Chapters: The Longest Journey (2014)"	10	22314
"Rise of Nations (2003)"	10	22324
"The Elder Scrolls III: Morrowind (2002)"	10	22334
"Torchlight II (2012)"	10	22344
"Worms (1995)"	10	22354
"(???) SimCity ()"	9	22363
"Alice: Madness Returns (2011)"	9	22372
"Das Schwarze Auge: Blackguards (2014)"	9	22381
"Hotline Miami (2013)"	9	22390
"Nosgoth (2014)"	9	22399
"Red Faction: Guerrilla (2009)"	9	22408
"Risen (2009)"	9	22417
"Rust (2013)"	9	22426
"Styx: Master of Shadows (2014)"	9	22435
"The Legend of Zelda: A Link between Worlds (2013)"	9	22444
"Worms: Battlegrounds (2014)"	9	22453
"Final Fantasy VII (2013)"	9	22462
"How to Survive (2013)"	9	22471
"LIMBO (2011)"	9	22480
"Murdered: Soul Suspect (2014)"	9	22489
"Neverwinter Nights (2006)"	9	22498
"Next Car Game: Wreckfest (2014)"	9	22507
"Pflanzen gegen Zombies 2 (.)"	9	22516
"Robocraft (2014)"	9	22525
"Stronghold Crusader 2 (2014)"	9	22534
"The Stanley Parable (2013)"	9	22543
"Age of Wonders III (2014)"	8	22551
"Castlevania: Lords of Shadow (2010)"	8	22559
"Crysis (2007)"	8	22567
"Dead State (2014)"	8	22575
"Deus Ex (2000)"	8	22583
"Diablo II (2000)"	8	22591
"Emergency 5 (.)"	8	22599
"Final Fantasy X HD Remaster (2014)"	8	22607
"Gauntlet (2005)"	8	22615
"NBA 2K14 (2013)"	8	22623
"Quake Live (2009)"	8	22631
"Rift (2011)"	8	22639
"S.T.A.L.K.E.R.: Shadow of Chernobyl (2007)"	8	22647
"(???) Mario Kart ()"	8	22655
"Animal Crossing: New Leaf (2013)"	8	22663
"Defense Grid 2 (2014)"	8	22671
"Halo 4 (2012)"	8	22679
"Killzone: Shadow Fall (2013)"	8	22687
"Kingdoms of Amalur: Reckoning (2012)"	8	22695
"Magicka (2011)"	8	22703
"Mortal Kombat (2011) (2013)"	8	22711
"Star Wars: Empire at War (2006)"	8	22719
"Super Mario 3D Land (2011)"	8	22727
"Trials: Fusion (2014)"	8	22735
"Worms Armageddon (2013)"	8	22743
"Audiosurf: Ride Your Music (2008)"	8	22751
"(???) Mass Effect Trilogy ()"	7	22758
"Boom Beach (2014)"	7	22765
"Call of Duty: Black Ops (2010)"	7	22772
"Castlevania: Lords of Shadow 2 (2014)"	7	22779
"DCS: A-10C Warthog - Digital Combat Simulator (2011)"	7	22786
"F1 2014 (2014)"	7	22793
"Halo 3 (2009)"	7	22800
"L.A. Noire (2011)"	7	22807
"Left 4 Dead (2008)"	7	22814
"Life is Feudal (.)"	7	22821
"NHL 15 (2014)"	7	22828
"Napoleon: Total War (2010)"	7	22835
"Need for Speed: Rivals (2013)"	7	22842
"Panzer Corps: Wehrmacht (2011)"	7	22849
"Plague Inc: Evolved (.)"	7	22856
"Rage (2011)"	7	22863
"Remeber Me (2013)"	7	22870
"Risen 2: Dark Waters (2012)"	7	22877
"Rogue Legacy (2014)"	7	22884
"Rome: Total War (2006)"	7	22891
"Sherlock Holmes and the Hound of Baskervilles (2012)"	7	22898
"The Secret World (2012)"	7	22905
"Train Simulator 2015 (2013)"	7	22912
"Trine (2009)"	7	22919
"WildStar (.)"	7	22926
"Batman: Arkham Asylum (2009)"	7	22933
"BioShock 2 (2010)"	7	22940
"Heroes of Might and Magic III: The Restoration of Erathia (2006)"	7	22947
"Medieval II: Total War (2000)"	7	22954
"Sanctum 2 (2013)"	7	22961
"Shadowrun Returns (2013)"	7	22968
"Tera Online (2011)"	7	22975
"Broforce (2014)"	7	22982
"Pinball FX2 (2010)"	7	22989
"(???) The Legend of Zelda ()"	6	22995
"Aliens: Colonial Marines (2013)"	6	23001
"Banner Saga (2014)"	6	23007
"Battlefield 2 (2005)"	6	23013
"Defiance (2013)"	6	23019
"Dynasty Warriors 8 (2014)"	6	23025
"Europa Universalis (2000)"	6	23031
"Factorio (.)"	6	23037
"Final Fantasy (2008)"	6	23043
"Final Fantasy X (2002)"	6	23049
"GODUS (2013)"	6	23055
"Halo: Spartan Assault (2013)"	6	23061
"Lara Croft und der Tempel des Osiris (.)"	6	23067
"Legend of Grimrock (2012)"	6	23073
"Lichdom: Battlemage (2014)"	6	23079
"Need for Speed: Most Wanted (Origin) (2005)"	6	23085
"Shadow Warrior (2013) (1997)"	6	23091
"Shadowrun: Dragonfall (2014)"	6	23097
"Shin Megami Tensei: Persona 4 (2008)"	6	23103
"The Book of Unwritten Tales (2009)"	6	23109
"The Legend of Zelda: The Wind Waker (2003)"	6	23115
"TrackMania 2 (2011)"	6	23121
"Awesomenauts (2012)"	6	23127
"Bulletstorm (2011)"	6	23133
"Candy Crush Saga (2012)"	6	23139
"Castle Crashers (2008)"	6	23145
"Craft The World (2014)"	6	23151
"Crysis 2 (2011)"	6	23157
"Democracy 3 (2013)"	6	23163
"Die Siedler 7 (2010)"	6	23169
"Dragon's Dogma (2012)"	6	23175
"Emergency 4 (2006)"	6	23181
"Fire Emblem: Awakening (2013)"	6	23187
"Forza Motorsport 4 (2011)"	6	23193
"Game Dev Tycoon (2013)"	6	23199
"Hill Climb Racing (2012)"	6	23205
"Lara Croft and the Guardian of Light (2010)"	6	23211
"Loadout (2014)"	6	23217
"Mark of the Ninja (2012)"	6	23223
"Ni No Kuni ()"	6	23229
"Payday: The Heist (2011)"	6	23235
"Project CARS (2015)"	6	23241
"Sniper Elite 3 (2014)"	6	23247
"Vampire the Masquerade: Bloodlines (2007)"	6	23253
"SimCity 4 (2003)"	6	23259
"Age of Empires III (2005)"	5	23264
"Angry Birds (2011)"	5	23269
"Beyond: Two Souls (2013)"	5	23274
"Darksiders (2010)"	5	23279
"Dawn of War II (2010)"	5	23284
"Devil May Cry (2001)"	5	23289
"Duke Nukem Forever (2011)"	5	23294
"Fallout 2 (1998)"	5	23299
"Firefall (2013)"	5	23304
"Heroes & Generals (2013)"	5	23309
"Icewind Dale: Enhanced Edition (2014)"	5	23314
"Kingdom Hearts (2002)"	5	23319
"LEGO Der Herr der Ringe (2012)"	5	23324
"LittleBigPlanet (2008)"	5	23329
"Metal Gear Solid (1998)"	5	23334
"Orcs Must Die! 2 (2012)"	5	23339
"Osu! (2007)"	5	23344
"PayDay (2011)"	5	23349
"S.T.A.L.K.E.R.: Call of Pripyat (2010)"	5	23354
"Super Hexagon (2012)"	5	23359
"Ultra Street Fighter IV (2014)"	5	23364
"Uncharted 3 (2011)"	5	23369
"Victoria II (2010)"	5	23374
"Worms: Revolution (2012)"	5	23379
"X3: Terran Conflict (2008)"	5	23384
"Xenonauts (2014)"	5	23389
"(???) Civilization ()"	5	23394
"Age of Empires (1997)"	5	23399
"Bastion (2011)"	5	23404
"Beyond Good & Evil (2005)"	5	23409
"Brütal Legend (2009)"	5	23414
"Command & Conquer (1995)"	5	23419
"Dead Island: Riptide (2013)"	5	23424
"Dead Space (2008)"	5	23429
"Dirt 3 (2011)"	5	23434
"Disney Infinity: 2.0 Edition (.)"	5	23439
"Dust: An Elysian Tail (2014)"	5	23444
"Fallout (1997)"	5	23449
"Gears of War 3 (2011)"	5	23454
"Geometry Wars 3: Dimensions (2014)"	5	23459
"Heroes of Might and Magic V (2006)"	5	23464
"Mario Kart 7 (2011)"	5	23469
"Minesweeper (2013)"	5	23474
"Quake III Arena (1999)"	5	23479
"Resident Evil: Revelations (2013)"	5	23484
"Saints Row 2 (2008)"	5	23489
"Serious Sam 3: BFE (2011)"	5	23494
"Shovel Knight (2014)"	5	23499
"Sonic & All-Stars Racing Transformed (2012)"	5	23504
"Speedrunners (2013)"	5	23509
"Spore (2008)"	5	23514
"Star Wars: Battlefront II (2009)"	5	23519
"Star Wars: Commander (2014)"	5	23524
"Stronghold Crusader (2002)"	5	23529
"Supreme Commander: Forged Alliance (2007)"	5	23534
"Tropico 3 (2009)"	5	23539
"(???) Batman ()"	5	23544
"Always Sometimes Monsters (2014)"	5	23549
"Burnout Paradise (2008)"	5	23554
"Fussball Manager 13 (2012)"	5	23559
"Knack (2013)"	5	23564
"Monaco: What's Yours is Mine (2013)"	5	23569
"The Legend of Zelda: Ocarina of Time (1998)"	5	23574
"To the Moon (2012)"	5	23579
"Candy Crush (2012)"	5	23584
"I am Bread (.)"	5	23589
"Need For Speed (.)"	5	23594
"Age of Mythology (Extended Edition) (2014)"	4	23598
"Aion (2009)"	4	23602
"Antichamber (2013)"	4	23606
"Asphalt 8: Airborne (.)"	4	23610
"Deadpool (2013)"	4	23614
"Die Siedler Online (2012)"	4	23618
"Duke Nukem 3D ()"	4	23622
"Dungeon Keeper 2 (1999)"	4	23626
"Fussball Manager 12 (2011)"	4	23630
"Hard Reset (Extended Edition) (2012)"	4	23634
"Hay Day (2012)"	4	23638
"Hearts of Iron II (2005)"	4	23642
"Ingress (2012)"	4	23646
"Lords of Xulima (2014)"	4	23650
"Metal Gear Solid 2: Sons of Liberty ()"	4	23654
"Metal Gear Solid 5: Ground Zeroes (2014)"	4	23658
"Natural Selection 2 (2012)"	4	23662
"Persona Q: Shadow of the Labyrinth (2014)"	4	23666
"Pokémon: Silberne Edition (2001)"	4	23670
"Race Driver: GRID (2008)"	4	23674
"Shakes and Fidget (2009)"	4	23678
"Sniper Elite V2 (2012)"	4	23682
"Super Mario World (1992)"	4	23686
"Tekken Tag Tournament 2 (2012)"	4	23690
"The Witcher Adventure Game (2014)"	4	23694
"Threes! (2014)"	4	23698
"Tom Clancy's Ghost Recon: Phantoms (2014)"	4	23702
"Wargame: Red Dragon (2014)"	4	23706
"(???) Divinity ()"	4	23710
"Call of Juarez (2006)"	4	23714
"Candy Crush Soda Saga (2014)"	4	23718
"Command & Conquer: Generals (2003)"	4	23722
"Cytus (2012)"	4	23726
"Das Schwarze Auge: Drakensang (2008)"	4	23730
"Deadly Premonition (2010)"	4	23734
"Dungeon Keeper (1997)"	4	23738
"Euro Truck Simulator (2008)"	4	23742
"F1 2013 (2013)"	4	23746
"FIFA World (2013)"	4	23750
"Forza Horizon (2012)"	4	23754
"Gears of War (2006)"	4	23758
"Icewind Dale (2000)"	4	23762
"Killer Instinct (1995)"	4	23766
"Marvel Puzzle Quest: Dark Reign (.)"	4	23770
"Monster Hunter 3 Ultimate (2013)"	4	23774
"Need for Speed: Hot Pursuit (2010)"	4	23778
"Plague Inc. Evolved (2014)"	4	23782
"Rayman Origins (2012)"	4	23786
"Resident Evil 6 (2012)"	4	23790
"Return to Castle Wolfenstein (2001)"	4	23794
"The Cat Lady (2012)"	4	23798
"The Simpsons: Tapped Out (.)"	4	23802
"Transistor (2014)"	4	23806
"Trine 2 (2012)"	4	23810
"Unturned (2014)"	4	23814
"Vindictus (2010)"	4	23818
"(???) South Park ()"	4	23822
"Baldur's Gate: Enhanced Edition (2013)"	4	23826
"Beat Hazard (2010)"	4	23830
"Blur (2010)"	4	23834
"Diablo (1996)"	4	23838
"Frozen Synapse (2011)"	4	23842
"Master of Orion II: Battle at Antares (1996)"	4	23846
"Medal of Honor: Warfighter (2012)"	4	23850
"Nuclear Throne (2013)"	4	23854
"RaceRoom Racing Experience (2013)"	4	23858
"Resident Evil: Darkside Chronicles (2010)"	4	23862
"RollerCoaster Tycoon ()"	4	23866
"Supreme Commander 2 (2010)"	4	23870
"Verdun (2013)"	4	23874
"WWE 2k14 (2013)"	4	23878
"Warhammer 40,000: Space Marine (2011)"	4	23882
"Bravely Default (2014)"	4	23886
"New Super Mario Bros. U (2012)"	4	23890
"(???) Forza ()"	3	23893
"(???) Mario Party ()"	3	23896
"Age of Mythology (2002)"	3	23899
"Anno 1701 (2006)"	3	23902
"Battlefield Heroes (2009)"	3	23905
"Call of Duty 2 ()"	3	23908
"Defense Grid: The Awakening (2009)"	3	23911
"Deponia: The Complete Journey (.)"	3	23914
"Dungeon Defenders II (2014)"	3	23917
"Final Fantasy XIII-2 (2012)"	3	23920
"Giana Sisters: Twisted Dreams (Limited Edition) (.)"	3	23923
"Guacamelee! (2013)"	3	23926
"Jagged Alliance: Back in Action (2012)"	3	23929
"LEGO Star Wars ()"	3	23932
"LEGO: Der Hobbit (2014)"	3	23935
"LYNE (2014)"	3	23938
"Magic 2014: Duels of the Planeswalkers (2013)"	3	23941
"Magic 2015 - Duels of the Planeswalkers (2014)"	3	23944
"Microsoft Flight Simulator X ()"	3	23947
"MotoGP 14 (2014)"	3	23950
"NHL 14 (2013)"	3	23953
"OpenTTD (2010)"	3	23956
"Pro Evolution Soccer 2013 (2012)"	3	23959
"R.U.S.E. (2010)"	3	23962
"Sid Meier's Civilization II (1996)"	3	23965
"Space Run (.)"	3	23968
"Star Made (2014)"	3	23971
"Starpoint Gemini 2 (2014)"	3	23974
"Super Street Fighter IV (2010)"	3	23977
"The Legend of Zelda: A Link to the Past (2002)"	3	23980
"The Saboteur (2009)"	3	23983
"Thief 4 (2004)"	3	23986
"TransOcean: The Shipping Company (.)"	3	23989
"Tron 2.0 (2004)"	3	23992
"Wolfenstein: Enemy Territory (2003)"	3	23995
"X-Plane 10 (2012)"	3	23998
"(???) Professor Layton ()"	3	24001
"Assassins Creed Unity (2014)"	3	24004
"Aura Kingdom (2013)"	3	24007
"BloodRayne (2003)"	3	24010
"Broken Age (2014)"	3	24013
"Der Herr der Ringe: Die Schlacht um Mittelerde 2 (2006)"	3	24016
"Divinity 2: Ego Draconis (2010)"	3	24019
"Dungeon Defenders (2011)"	3	24022
"Empire Earth (2001)"	3	24025
"FIFA 12 (2011)"	3	24028
"Five Nights at Freddy's (2014)"	3	24031
"Galactic Civilizations III (2014)"	3	24034
"Gears of War 2 (2008)"	3	24037
"Grand Theft Auto III ()"	3	24040
"Guns of Icarus Online (2012)"	3	24043
"Jazzpunk (2014)"	3	24046
"LEGO Batman 2 (2012)"	3	24049
"Mario Kart Wii (2008)"	3	24052
"Max Payne (2001)"	3	24055
"Max Payne 2: The Fall of Max Payne (2003)"	3	24058
"Memoria (2013)"	3	24061
"Men of War: Assault Squad 2 (2014)"	3	24064
"Mini Metro (2014)"	3	24067
"Naruto Shippuden: Ultimate Ninja Storm Revolution (2014)"	3	24070
"One Finger Death Punch (2013)"	3	24073
"Project Zomboid (2013)"	3	24076
"Resident Evil 5 (2009)"	3	24079
"Runescape (1999)"	3	24082
"Secret of Mana (2010)"	3	24085
"Serious Sam HD: The First Encounter (2011)"	3	24088
"Sherlock Holmes: Crimes and Punishments (2014)"	3	24091
"Spelunky (2013)"	3	24094
"Stonehearth (2015)"	3	24097
"Survarium (.)"	3	24100
"System Shock 2 (2013)"	3	24103
"Tesla Effect: A Tex Murphy Adventure (2014)"	3	24106
"Tom Clancy's Splinter Cell: Conviction (2010)"	3	24109
"Tomb Raider: Definitive Edition (2014)"	3	24112
"Ultima Online (1997)"	3	24115
"Unreal Tournament 2004 (2004)"	3	24118
"Warhammer 40,000: Dawn of War II (2010)"	3	24121
"(???) Anno ()"	3	24124
"(???) Rayman ()"	3	24127
"(???) Uncharted ()"	3	24130
"(???) ufc ()"	3	24133
"Bloons Tower Defense 5 (2012)"	3	24136
"Dawn of War (2004)"	3	24139
"Dead Space 2 (2011)"	3	24142
"Die Siedler III (1998)"	3	24145
"Die Sims 2 (2004)"	3	24148
"Fez (2014)"	3	24151
"Geometry Dash (2014)"	3	24154
"Grand Theft Auto: Vice City (2003)"	3	24157
"Hammerwatch (2013)"	3	24160
"Helden von Camelot (.)"	3	24163
"Infestation (2000)"	3	24166
"Journey (2012)"	3	24169
"Kingdom Hearts 1.5 HD Remix (.)"	3	24172
"Pokémon: Silberne Edition SoulSilver (2010)"	3	24175
"RESOGUN (2013)"	3	24178
"RETRY (2014)"	3	24181
"Sim City (2013) (2013)"	3	24184
"Stronghold (2003)"	3	24187
"Surgeon Simulator 2013 (2013)"	3	24190
"Tales of Xillia 2 (2012)"	3	24193
"Terra Battle (.)"	3	24196
"The Book of Unwritten Tales 2 (2014)"	3	24199
"The Darkness II (2012)"	3	24202
"The Legend Of Zelda: Skyward Sword (2011)"	3	24205
"Uncharted 2: Among Thieves (2009)"	3	24208
"Audiosurf 2 (2013)"	3	24211
"Blood Bowl (2009)"	3	24214
"Dirt 2 (2009)"	3	24217
"Freelancer (2003)"	3	24220
"Geheimakte 3 (2012)"	3	24223
"Minimum (2014)"	3	24226
"Postal 2 (2007)"	3	24229
"Race The Sun (2014)"	3	24232
"Starcraft (1998)"	3	24235
"Streetpass Mii-Lobby (.)"	3	24238
"Super Meat Boy (2010)"	3	24241
"Super Smash Bros. Melee (2001)"	3	24244
"Warhammer 40,000: Armageddon (2014)"	3	24247
"Spider Solitaire ()"	3	24250
"Stick Hero (.)"	3	24253
"(???) - ()"	2	24255
"(???) Bayonetta 1+2 ()"	2	24257
"(???) Metro ()"	2	24259
"APB: Reloaded (2011)"	2	24261
"Alpha Protocol (2010)"	2	24263
"Back to the Future: The Game (2012)"	2	24265
"Battlefield 1942 (2003)"	2	24267
"Bedlam (1996)"	2	24269
"Blood 2 (2010)"	2	24271
"Castle Clash (.)"	2	24273
"Castlevania: Lords of Shadow – Mirror of Fate (2013)"	2	24275
"Crimsonland (2014)"	2	24277
"DC Universe Online (2011)"	2	24279
"Das Schwarze Auge: Demonicon (2013)"	2	24281
"DeadCore (2014)"	2	24283
"Deadfall Adventures (2013)"	2	24285
"Depth (2014)"	2	24287
"Der Herr der Ringe: Der Krieg im Norden (2011)"	2	24289
"Der Herr der Ringe: Die Schlacht um Mittelerde (2004)"	2	24291
"Dofus (2004)"	2	24293
"Dogfight 1942 (2012)"	2	24295
"Dragon Age. Inquisition (2014)"	2	24297
"Drakensang Online (2011)"	2	24299
"Driver: San Francisco (2011)"	2	24301
"Dwarf Fortress (2006)"	2	24303
"Eador: Genesis (2013)"	2	24305
"EverQuest II (2004)"	2	24307
"Expeditions: Conquistador (2013)"	2	24309
"Final Fantasy VIII (2000)"	2	24311
"Fistful of Frags (2014)"	2	24313
"FlatOut 2 (2006)"	2	24315
"Gran Turismo 5 (2010)"	2	24317
"Hawken (2012)"	2	24319
"Heroes of Dragon Age (2013)"	2	24321
"Hidden & Dangerous 2 (2003)"	2	24323
"Horizon 2 (2014)"	2	24325
"Just Cause (2006)"	2	24327
"King's Bounty: Warriors of the North (2012)"	2	24329
"Knights of Honor (2009)"	2	24331
"Last Chaos (2009)"	2	24333
"Life is Feudal: Your Own (.)"	2	24335
"Lost Horizon (2010)"	2	24337
"Lufia (1996)"	2	24339
"Machinarium (2009)"	2	24341
"Magicite (2014)"	2	24343
"Medieval: Total War (2002)"	2	24345
"Might & Magic: Clash of Heroes (2011)"	2	24347
"Mountain (2014)"	2	24349
"NBA 2K12 (2011)"	2	24351
"OMSI 2 (2013)"	2	24353
"Octodad: Dadliest Catch (2014)"	2	24355
"Primal Carnage: Extinction (2014)"	2	24357
"Professor Layton vs. Phoenix Wright: Ace Attorney (2014)"	2	24359
"Pure Pool (2014)"	2	24361
"Red Orchestra: Ostfront 41-45 (2006)"	2	24363
"Resident Evil 4 (2007)"	2	24365
"Resonance (2012)"	2	24367
"Runes of Magic (2009)"	2	24369
"S.T.A.L.K.E.R.: Clear Sky (2008)"	2	24371
"ShootMania (2013)"	2	24373
"Star Wars: Force Collection (.)"	2	24375
"Super Smash Bros. Brawl (2008)"	2	24377
"The Swapper (2014)"	2	24379
"Tiny Troopers (2012)"	2	24381
"Total War Battles: Kingdom (2015)"	2	24383
"Total War: Shogun (2000)"	2	24385
"Trackmania Nations Forever (2008)"	2	24387
"Trove (2015)"	2	24389
"War in the Pacific (2004)"	2	24391
"Wings of Vi (2005)"	2	24393
"Yakuza 4 (2011)"	2	24395
"iRacing.com (2015)"	2	24397
"(???) Halo 1-4 ()"	2	24399
"A New Beginning (2012)"	2	24401
"Anno Online (.)"	2	24403
"Arcanum: Von Dampfmaschinen und Magie (2004)"	2	24405
"ArcheBlade (2014)"	2	24407
"Bad Piggies (2012)"	2	24409
"Bejeweled (2011)"	2	24411
"Bejeweled 3 (2011)"	2	24413
"Braid (2009)"	2	24415
"Carcassonne (2007)"	2	24417
"Cave Story+ (2011)"	2	24419
"Champions Online (2009)"	2	24421
"Dark Souls - Prepare to Die Edition (2011)"	2	24423
"Dead Space 3 (2013)"	2	24425
"Dino D-Day (2011)"	2	24427
"DuckTales: Remastered (2013)"	2	24429
"Dungeon Hunter 4 (.)"	2	24431
"Dungeon Siege II (2005)"	2	24433
"Dungeon Siege III (2011)"	2	24435
"Dungeons of Dredmor (2011)"	2	24437
"Dustforce (2012)"	2	24439
"Edna bricht aus (2011)"	2	24441
"Emergency 2014 (2013)"	2	24443
"Enemy Front (2014)"	2	24445
"Europa Universalis III (2007)"	2	24447
"Evolve (2015)"	2	24449
"Farmville 2 (.)"	2	24451
"Fussball Manager 14 (.)"	2	24453
"Geheimakte Tunguska (2010)"	2	24455
"Halo: Reach (2010)"	2	24457
"Hatsune Miku: Project Diva F 2nd (2014)"	2	24459
"Jade Empire (2005)"	2	24461
"Jagged Alliance 2 (2006)"	2	24463
"Kantai Collection (2013)"	2	24465
"Kentucky Route Zero ()"	2	24467
"Killer is Dead (2013)"	2	24469
"LEGO Batman: The Videogame (2008)"	2	24471
"Legacy of Kain: Soul Reaver (2000)"	2	24473
"Live for Speed (.)"	2	24475
"MLB 14 The Show (2014)"	2	24477
"Mad Games Tycoon (2015)"	2	24479
"Madden NFL 25 (2013)"	2	24481
"Mercenary Kings (2014)"	2	24483
"NBA 2K13 (2013)"	2	24485
"Naruto Shippuden: Ultimate Ninja Storm 3 (2013)"	2	24487
"Need for Speed World (2010)"	2	24489
"Nickelodeon's The Legend of Korra (.)"	2	24491
"No More Room In Hell (2013)"	2	24493
"Painkiller (2004)"	2	24495
"Peggle (2010)"	2	24497
"Persona 4: The Ultimax Ultra Suplex Hold (2014)"	2	24499
"Pokémon: Platinum Version (2009)"	2	24501
"Pool Nation (2012)"	2	24503
"Prototype (2009)"	2	24505
"Ragnarok Online (20 Tage kostenlos) (2013)"	2	24507
"Reflex (2013)"	2	24509
"Rise of the Triad (2013)"	2	24511
"RollerCoaster Tycoon 2 (2004)"	2	24513
"S4 League (2006)"	2	24515
"Sid Meier's Railroad Tycoon ()"	2	24517
"Sonic Generations (2011)"	2	24519
"Space Hulk: Ascension Edition (2013)"	2	24521
"SpaceChem (2011)"	2	24523
"Spirit Stones (.)"	2	24525
"Super Mario Bros. 2 (2013)"	2	24527
"TRI: Of Friendship and Madness (.)"	2	24529
"The Incredible Adventures of Van Helsing (2013)"	2	24531
"The Longest Journey (2007)"	2	24533
"TheHunter (.)"	2	24535
"Tiny and Big: Grandpa's Leftovers (2012)"	2	24537
"Titan Quest (2011)"	2	24539
"Tomodachi Life (2014)"	2	24541
"Torchlight (2011)"	2	24543
"Virtue's Last Reward (2012)"	2	24545
"WAKFU (.)"	2	24547
"WRC 4 FIA World Rally Championship (2011)"	2	24549
"World in Conflict (2007)"	2	24551
"World of Guns: Gun Disassembly (2014)"	2	24553
"X: Rebirth (2013)"	2	24555
"(???) Battlefield 3/4 ()"	2	24557
"(???) Gran Turismo ()"	2	24559
"(???) Tome ()"	2	24561
"100% Orange Juice (2013)"	2	24563
"Airline Tycoon ()"	2	24565
"Amnesia: A Machine for Pigs (2013)"	2	24567
"Anno 1602: Erschaffung einer neuen Welt (2005)"	2	24569
"AquaNox 2: Revelation (2003)"	2	24571
"Call of Duty: World at War (2008)"	2	24573
"Caste Ville (2011)"	2	24575
"Command & Conquer: Alarmstufe Rot 3 (2008)"	2	24577
"Contagion (2013)"	2	24579
"Curve Fever (2010)"	2	24581
"Cut The Rope 2 (2011)"	2	24583
"Day of Defeat (2003)"	2	24585
"Dead Rising (2006)"	2	24587
"Die Siedler – Aufstieg eines Königreichs (2007)"	2	24589
"Die Stämme (2003)"	2	24591
"Dirt: Showdown (2012)"	2	24593
"Distant Worlds (2011)"	2	24595
"Donkey Kong Country: Tropical Freeze (2014)"	2	24597
"Downfall (2014)"	2	24599
"Elder Sign: Omens (2011)"	2	24601
"Fußball Manager 13 (2012)"	2	24603
"Hero Siege (2014)"	2	24605
"Herrscher des Olymp – Zeus (2004)"	2	24607
"Hex: Shards of Fate (3000)"	2	24609
"Hitman: Contracts (2005)"	2	24611
"Kingdom Come: Deliverance (2016)"	2	24613
"Kingdom Rush (2011)"	2	24615
"Landwirtschafts-Simulator 2013 (2012)"	2	24617
"Landwirtschafts-Simulator 2014 (.)"	2	24619
"Lightning Returns: Final Fantasy XIII (2014)"	2	24621
"Maniac Mansion (1989)"	2	24623
"Mashed (2005)"	2	24625
"Metal Gear Solid 4: Guns of the Patriots (2008)"	2	24627
"Metro: Last Light Redux (2013)"	2	24629
"Monster Hunter Freedom Unite (2008)"	2	24631
"Naruto Shippuuden: Narutimate Storm Revolution (2014)"	2	24633
"Need for Speed: Brennender Asphalt (1999)"	2	24635
"Need for Speed: Most Wanted (2005)"	2	24637
"Ogame (2002)"	2	24639
"Peggle 2 (2014)"	2	24641
"Pixel Dungeon (2014)"	2	24643
"Pokémon: Feuerrote Edition (2004)"	2	24645
"Port Royale 3 (2012)"	2	24647
"Psychonauts (2005)"	2	24649
"Race 07: Official WTCC Game (2009)"	2	24651
"Randal's Monday (2014)"	2	24653
"Red Faction: Armageddon (2011)"	2	24655
"Runaway: A Road Adventure (2002)"	2	24657
"SWAT 3 (1999)"	2	24659
"Sacred (2004)"	2	24661
"Sanctum (2012)"	2	24663
"Shroud of the Avatar: Forsaken Virtues (2014)"	2	24665
"Sid Meier's Civilization IV: Colonization (2008)"	2	24667
"Silent Hunter 5: Battle of the Atlantic (2010)"	2	24669
"Split Second: Velocity (2010)"	2	24671
"Star Wars: TIE Fighter (1994)"	2	24673
"SteamWorld Dig (2014)"	2	24675
"Subway Surfer (2012)"	2	24677
"Sunrider (.)"	2	24679
"Super Mario Galaxy ()"	2	24681
"TOME: Immortal Arena (2014)"	2	24683
"Tales of Symphonia (2003)"	2	24685
"The Cave (2013)"	2	24687
"Titan Attacks! (2014)"	2	24689
"Tony Hawk's Pro Skater HD (2012)"	2	24691
"TowerFall Ascension (2014)"	2	24693
"Transport Tycoon (1994)"	2	24695
"Triple Town (2012)"	2	24697
"Warface (2014)"	2	24699
"Wii Party U (2013)"	2	24701
"Z (1996)"	2	24703
"inFamous 2 (2014)"	2	24705
"(???) Schach ()"	2	24707
"(???) Worms 3 ()"	2	24709
"A Game of Dwarves (2012)"	2	24711
"Battle Island (2014)"	2	24713
"Ceasar IV (2006)"	2	24715
"Creeper World 3 - Knuckle Cracker (.)"	2	24717
"Darkness Within: In Pursuit of Loath Nolder (2007)"	2	24719
"FORCED (.)"	2	24721
"Family Guy: Mission Sachensuche (.)"	2	24723
"God of War (2005)"	2	24725
"Gunpoint (2013)"	2	24727
"Happy Wheels (2010)"	2	24729
"Harveys Neue Augen (2013)"	2	24731
"Hyperdimension Neptunia (2011)"	2	24733
"InFamous: First Light (2014)"	2	24735
"Infinity Wars (2014)"	2	24737
"Need for Speed: The Run (2011)"	2	24739
"Pikmin 3 (2013)"	2	24741
"RollerCoaster Tycoon 3 (2004)"	2	24743
"Senran Kagura Shinovi Versus (2013)"	2	24745
"Sid Meier's Alpha Centauri (1999)"	2	24747
"Sid Meier's Pirates! (2004)"	2	24749
"Sir, you are being hunted (2013)"	2	24751
"Small World (.)"	2	24753
"Star Wars Jedi Knight: Jedi Academy (2003)"	2	24755
"Tetris ()"	2	24757
"The Lost Vikings (1993)"	2	24759
"The Pinball Arcade (2014)"	2	24761
"Tomb Raider: Anniversary (2007)"	2	24763
"TrackMania (2004)"	2	24765
"Vector Thrust (.)"	2	24767
"Velvet Assassin (2009)"	2	24769
"Worms: Ultimate Mayhem (2012)"	2	24771
"rFactor (2007)"	2	24773
"skate 3 (2010)"	2	24775
"Ace of Spades (2012)"	2	24777
"Age of Empires: Castle Siege (2014)"	2	24779
"Dark Age of Camelot (2002)"	2	24781
"Dark Project: Der Meisterdieb (1998)"	2	24783
"Defender's Quest: Valley of the Forgotten (2012)"	2	24785
"Full Mojo Rampage (2014)"	2	24787
"Hexcells Infinite (.)"	2	24789
"Need For Speed: Carbon (2006)"	2	24791
"Quake (1996)"	2	24793
"Quake 4 (2011)"	2	24795
"Sniper Elite: Nazi Zombie Army 2 (2013)"	2	24797
"Tekken (1995)"	2	24799
"Warhammer 40,000: Dawn of War (2004)"	2	24801
"(???) Alien ()"	1	24802
"(???) BF23 ()"	1	24803
"(???) Baldur's Gate 1+2 ()"	1	24804
"(???) Deponia 1-3 ()"	1	24805
"(???) Deponia-Serie ()"	1	24806
"(???) Doto.2 ()"	1	24807
"(???) Dragon Age 1 - 3 ()"	1	24808
"(???) Dragon Age alle Teile ()"	1	24809
"(???) Dragon AgeO ()"	1	24810
"(???) Evoker ()"	1	24811
"(???) Farming Simulator ()"	1	24812
"(???) Jurassic Park ()"	1	24813
"(???) Just Dance ()"	1	24814
"(???) Landwirtschaft Simulator ()"	1	24815
"(???) Landwirtschaftssimulator ()"	1	24816
"(???) Magna Carta ()"	1	24817
"(???) Mass Effect 2+3 ()"	1	24818
"(???) Professor Layton Reihe ()"	1	24819
"(???) Professor Layton und die Maske des Schicksals ()"	1	24820
"(???) SSB ()"	1	24821
"(???) Silent Hill ()"	1	24822
"(???) Star Wars ()"	1	24823
"(???) The Chronicles of Riddick ()"	1	24824
"(???) fifa 14/15 ()"	1	24825
"Ace Combat: Infinity (.)"	1	24826
"Act of War: Direct Action (2005)"	1	24827
"Action Henk (2015)"	1	24828
"Adventure Town (.)"	1	24829
"Age Of Wonders (1999)"	1	24830
"Arena : Cyber Evolution (.)"	1	24831
"ArmA: Armed Assault (2006)"	1	24832
"Army of Two (2008)"	1	24833
"Assassin's Creed Unity (2014)"	1	24834
"BIT.TRIP RUNNER (2011)"	1	24835
"Baphomets Fluch (1996) (1998)"	1	24836
"Battle Realms (2001)"	1	24837
"Battlefield: Bad Company (2008)"	1	24838
"Bike Rivals (.)"	1	24839
"Blacklight Retribution (2013)"	1	24840
"Book of unwritten Tales (2009)"	1	24841
"Circuits (2014)"	1	24842
"Civ. Beyond Earth (2014)"	1	24843
"Cognition: An Erica Reed Thriller (.)"	1	24844
"Combat Arms (2008)"	1	24845
"Command & Conquer: Tiberium Alliances (2012)"	1	24846
"CosmicBreak (2008)"	1	24847
"Costume Quest (2010)"	1	24848
"Crazy Taxi (2002)"	1	24849
"Danganronpa (2014)"	1	24850
"Dark Chronicle (2003)"	1	24851
"Das Schwarze Auge: Satinavs Ketten (2012)"	1	24852
"Deadlight (2012)"	1	24853
"Deponia - the Complete Journey (.)"	1	24854
"Desperados: Wanted Dead or Alive (2001)"	1	24855
"Despicable Me: Minion Rush (.)"	1	24856
"Doodle Jump (2009)"	1	24857
"Doppelkopf ()"	1	24858
"Driftmoon (2013)"	1	24859
"Dungeon Village (2012)"	1	24860
"Eschalon ()"	1	24861
"F.E.A.R. 3 (2011)"	1	24862
"Far cry 4 (2014)"	1	24863
"Façade (2005)"	1	24864
"Final Fantasy III (2012)"	1	24865
"Forge of Empires (2012)"	1	24866
"Freecol (2003)"	1	24867
"Galaxy on Fire (2006)"	1	24868
"Gang Beasts (2014)"	1	24869
"Gas Guzzlers Extreme (2013)"	1	24870
"Half-Life: Source (2004)"	1	24871
"Heavy Rain (2010)"	1	24872
"Hellgate: London (2007)"	1	24873
"Heroes of Newerth (2010)"	1	24874
"Hitman ()"	1	24875
"Homefront (2011)"	1	24876
"Kenshi (2011)"	1	24877
"Kingdom Hearts II (2006)"	1	24878
"Kingdom Hearts II HD (.)"	1	24879
"Kingdom of Loathing (2003)"	1	24880
"Luigi's Mansion 2 (2013)"	1	24881
"Metal Gear Solid 3: Snake Eater (2005)"	1	24882
"Might & Magic Duel of Champions (2013)"	1	24883
"Might & Magic: Heroes 6 (2011)"	1	24884
"Might and Magic Heroes VI (2011)"	1	24885
"Mystery Case Files: Dire Grove, Sacred Grove (.)"	1	24886
"Need for Speed: Shift (2009)"	1	24887
"Nobunaga's Ambition: Souzou (2014)"	1	24888
"Obscure II (2007)"	1	24889
"Oddworld: Abe's Oddysee (1997)"	1	24890
"Phantasy Star Online 2 (.)"	1	24891
"Playstation Home (2008)"	1	24892
"Pokémon: Gelbe Edition - Special Pikachu Edition (2000)"	1	24893
"Pokémon: Schwarze Edition (2011)"	1	24894
"Primordia (2012)"	1	24895
"Prince of Persia: The Sands of Time (2009)"	1	24896
"Rune Factory Frontier (2009)"	1	24897
"Sakura Spirit (2014)"	1	24898
"Samurai Warriors 4 (2014)"	1	24899
"Severance: Blade of Darkness (2001)"	1	24900
"Shin Megami Tensei: Persona 3 (2007)"	1	24901
"Sid Meier's Civilization III (2002)"	1	24902
"Sideswiped (2009)"	1	24903
"Singularity (2010)"	1	24904
"SolForge (2012)"	1	24905
"Star Wars: Knights of the Old Republic II - The Sith Lords (2004)"	1	24906
"Stargate: Resistance (2010)"	1	24907
"Stonekeep (1998)"	1	24908
"Strider (1990)"	1	24909
"Suikoden (1996)"	1	24910
"Super Smash Bros Wii U (2014)"	1	24911
"Tales of Innocence R (2012)"	1	24912
"Tales of hearts r (2014)"	1	24913
"Teeworlds (2007)"	1	24914
"Temple Run 2 (.)"	1	24915
"The Last Of Us: Factions (2013)"	1	24916
"The Legend of Zelda: Oracle of Ages (2001)"	1	24917
"The Talos Principle (.)"	1	24918
"The Witcher 2 (2011)"	1	24919
"Tom Clancy's Ghost Recon (2001)"	1	24920
"Tony Hawk's Pro Skater 3 (2001)"	1	24921
"Trials: Frontier (.)"	1	24922
"Virtua Tennis 4 (2011)"	1	24923
"WET (2009)"	1	24924
"Wimmelbildspiele (Big Fish) ()"	1	24925
"XStoryPlayer 3.0 (.)"	1	24926
"guitar hero 6 (2010)"	1	24927
"the crew (2014)"	1	24928
"the walking dead telltall ()"	1	24929
"(???) Alien vs. Predator ()"	1	24930
"(???) Assassin's Creed 4: Unity ()"	1	24931
"(???) Avatar ()"	1	24932
"(???) Battlefield: Modern Warfacre ()"	1	24933
"(???) Die Sims 2 / 3 ()"	1	24934
"(???) F.E.A.R. 1, 2 & 3 ()"	1	24935
"(???) Farcry alle Teile ()"	1	24936
"(???) Football Manager ()"	1	24937
"(???) Fußball Manager ()"	1	24938
"(???) Hugo ()"	1	24939
"(???) Lego Harry Potter 5-7 ()"	1	24940
"(???) Marvell Heroes ()"	1	24941
"(???) Massefect 1+2 ()"	1	24942
"(???) Portal 1/2 ()"	1	24943
"(???) Pro Evolution Soccer ()"	1	24944
"(???) SW: KoToR 1 /2 ()"	1	24945
"(???) Simpsons ()"	1	24946
"(???) Smash Bros. Brawl for Wii U ()"	1	24947
"(???) Sniper Elite 3 + die 2 Zombie-Army Teile ()"	1	24948
"(???) The Endless ()"	1	24949
"(???) The GReat Giana Sisters Twisted Dreams ()"	1	24950
"(???) civ 6 ()"	1	24951
"(???) diverse iPhone ()"	1	24952
"(???) naruto shippuden ultimate ninja storm ()"	1	24953
"(???) naruto ultimate ninja storm ()"	1	24954
"(???) phoenix Wright Reihe ()"	1	24955
"0 A.D. (.)"	1	24956
"3 Gewinnt (Big Fish) ()"	1	24957
"4 Bilder ein Wort (.)"	1	24958
"AVA - Alliance of Valiant Arms (2011)"	1	24959
"Academagia: The Making of Mages (2010)"	1	24960
"Age of Wonders II: Der Zirkel der Zauberer (2002)"	1	24961
"Alan Wake's American Nightmare (2012)"	1	24962
"Alarm für Cobra 11: Das Syndikat (2011)"	1	24963
"Alien Isolation (2014)"	1	24964
"Amazing Ninja (.)"	1	24965
"Anarchy Reigns (2013)"	1	24966
"Anno 1503 (2006)"	1	24967
"Anvil of Dawn (1995)"	1	24968
"Army of Darkness: Defense (.)"	1	24969
"Assassin's Creed ()"	1	24970
"Battlefield 4/Final Stand (2013)"	1	24971
"Bernd Das Brot Und Die Unmöglichen (.)"	1	24972
"Black & White 2 (2005)"	1	24973
"Blackshot (2009)"	1	24974
"Bleach - Soul Resurreccion (.)"	1	24975
"Blitz Brigade (.)"	1	24976
"Borderlands The Pre- Sequel (2014)"	1	24977
"Boulder Dash (1986)"	1	24978
"Call of Duty 3 (2006)"	1	24979
"Carmageddon II: Carpocalypse Now (1998)"	1	24980
"Castle story (2015)"	1	24981
"Chariot (2014)"	1	24982
"Chess (Jeroen Carolus) (.)"	1	24983
"Civilization Beyond Earth (2014)"	1	24984
"Civilization Revolution (2008)"	1	24985
"Clicker heroes (2015)"	1	24986
"Command & Conquer: Renegade (2002)"	1	24987
"Cookie Clicker (2013)"	1	24988
"Criminal Case (2012)"	1	24989
"Crimson Shroud (2012)"	1	24990
"Cry of Fear (2013)"	1	24991
"Crypt of the NecroDancer (.)"	1	24992
"Dear Esther (2012)"	1	24993
"Der Puppenspieler (2013)"	1	24994
"Deus Ex: The Fall (2014)"	1	24995
"Die Siedler II (1996)"	1	24996
"Die Siedler IV (2001)"	1	24997
"Die Sielder - Das Erbe der Könige (.)"	1	24998
"Divine Divinity (2002)"	1	24999
"Door Kickers (2014)"	1	25000
"Dragon Ball Z: Budokai Tenkaichi 2 (2006)"	1	25001
"Dragon's Crown (2013)"	1	25002
"Dust 514 (.)"	1	25003
"Edge of Space (2013)"	1	25004
"Elite (1992)"	1	25005
"Endless Dungeon (2014)"	1	25006
"Escape Dead Island (2014)"	1	25007
"Escape Plan (2012)"	1	25008
"Etrian Odyssey (2008)"	1	25009
"Falcon 4.0 (1998)"	1	25010
"Fat Princess: Piece of Cake (.)"	1	25011
"Fate/Stay Night (2004)"	1	25012
"Final Fantasy VI (1999)"	1	25013
"Forge Quest (2013)"	1	25014
"Fortix 2 (2011)"	1	25015
"Fractured Space (2014)"	1	25016
"Frets on Fire (2006)"	1	25017
"Fußball manager 13 (2012)"	1	25018
"Gangsters: Organized Crime (1998)"	1	25019
"Gender Bender DNA Twister Extreme (2014)"	1	25020
"Ghost Recon: Future Soldier (2012)"	1	25021
"Goodbye Deponia (2013)"	1	25022
"Gothic II - Die Nacht des Raben (2003)"	1	25023
"Guitar Hero ()"	1	25024
"Halo 2 (2004)"	1	25025
"Happy Wars (2012)"	1	25026
"Harvest Moon DS (2006)"	1	25027
"Heroes of storm (2015)"	1	25028
"Heroine's Quest: The Herald of Ragnarok (2014)"	1	25029
"Hitman: Blood Money (2007)"	1	25030
"IL-2 Sturmovik: Battle of Stalingrad (2014)"	1	25031
"Infinite Undiscovery (2008)"	1	25032
"Infinity Blade II (2011)"	1	25033
"Jetpack Joyride (2012)"	1	25034
"Kairo (2012)"	1	25035
"Killzone 3 (2011)"	1	25036
"Kingdom Rush HD (.)"	1	25037
"LEGO Indiana Jones (2008)"	1	25038
"LEGO Movie (2014)"	1	25039
"Last of Us (2013)"	1	25040
"Lost Planet 3 (2013)"	1	25041
"MXGP - The Official Motocross Videogame (2014)"	1	25042
"Madden NFL 09 (2008)"	1	25043
"Mario Kart 64 (1996)"	1	25044
"Medal of Honor: Allied Assault (2002)"	1	25045
"Melody's Escape (2014)"	1	25046
"Men of War: Assault Squad (2011)"	1	25047
"Metroid: Other M (2010)"	1	25048
"Mines of Mars (.)"	1	25049
"Mini Ninjas (2009)"	1	25050
"Monkey Island 2: LeChuck's Revenge (1991)"	1	25051
"Mordheim: City of the Damned (2014)"	1	25052
"Natural Doctrine (2014)"	1	25053
"Need for Speed Underground 2 (2004)"	1	25054
"Ninja Gaiden 3 Razor's Edge (2012)"	1	25055
"One Piece: Pirate Warriors (2012)"	1	25056
"One Piece: Pirate Warriors 2 (2013)"	1	25057
"Operation Flashpoint: Red River (2011)"	1	25058
"Pokémon Mystery Dungeon: Erkundungsteam Himmel (2009)"	1	25059
"Pro Evolution Soccer 2014 (2013)"	1	25060
"Professor Layton und das Vermächtnis von Aslant (2013)"	1	25061
"Radiant Historia (2010)"	1	25062
"Raiden III (2007)"	1	25063
"Rayman Raving Rabbids (2006)"	1	25064
"Rebuild 2 (2011)"	1	25065
"Renegade-x (2009)"	1	25066
"Rise of Venice (2013)"	1	25067
"S.O.L : Stone of Life EX (.)"	1	25068
"Scrabble (Smartphone) ()"	1	25069
"Scrolls (2013)"	1	25070
"Sentinel 3: Homeworld (2011)"	1	25071
"Shadow Hearts (2001)"	1	25072
"Silent Hill 2 (2001)"	1	25073
"Silent Hunter 4 (2007)"	1	25074
"Simcity 2000 (1994) (1995)"	1	25075
"Slenderman (.)"	1	25076
"Smugglers 5 (.)"	1	25077
"Star Conflict (2012)"	1	25078
"Star Ocean: The Last Hope (2009)"	1	25079
"Star Wars: Tiny Death Star (2013)"	1	25080
"Steins;Gate (2014)"	1	25081
"Symphony (2012)"	1	25082
"TITAN ATTACKS (2014)"	1	25083
"Tales of Phantasia (1998)"	1	25084
"The Amazing Spider-Man 2 (2014)"	1	25085
"The Binding of Isaac. Rebirth (2014)"	1	25086
"The Blackwell Epiphany (2014)"	1	25087
"The Blackwell Legacy (2012)"	1	25088
"The LEGO Movie Videogame (2014)"	1	25089
"The Legend of Zelda: Spirit Tracks (2009)"	1	25090
"The Secret of Monkey Island (1990)"	1	25091
"The Secret of Monkey Island - Special Edition (2010)"	1	25092
"Tom Clancy's Ghost Recon Advanced Warfighter (2006)"	1	25093
"Tomb Raider 2 (1998)"	1	25094
"Tribes: Ascend (2012)"	1	25095
"Tropico (2009)"	1	25096
"Uniwar (.)"	1	25097
"Unreal (1999)"	1	25098
"Unreal Tournament 2003 (2003)"	1	25099
"Violett (2013)"	1	25100
"Volo Airsport (2014)"	1	25101
"Wargame: Airland Battle (2013)"	1	25102
"Warlords: Battlecry III (2006)"	1	25103
"World of Warplanes (2013)"	1	25104
"X3: Albion Prelude (2011)"	1	25105
"X: Superbox ()"	1	25106
"Ys Origin (2006)"	1	25107
"Yu-Gi-Oh! Worldwide Edition: Stairway to the Destined Duel (2003)"	1	25108
"Zengrams (.)"	1	25109
"diablo 3 (2012)"	1	25110
"salt (2014)"	1	25111
"the evil within (2014)"	1	25112
"(???) Colin Mcrae rally ()"	1	25113
"(???) Deponia (Teil 2 & 3 ) ()"	1	25114
"(???) Dragon Age 1+3 ()"	1	25115
"(???) Dragon Age Series ()"	1	25116
"(???) Dragon Agentur 3 ()"	1	25117
"(???) Duolingo ()"	1	25118
"(???) Far Cry 3/4 ()"	1	25119
"(???) Far Cry Reihe ()"	1	25120
"(???) Flash spiele auf kongregate.com und armorgames.com ()"	1	25121
"(???) Kotor 1 & 2 ()"	1	25122
"(???) LS Simulator 2013 ()"	1	25123
"(???) Lanwirtschaftssimulator ()"	1	25124
"(???) Madden ()"	1	25125
"(???) Mass Effect Reihe ()"	1	25126
"(???) Max ()"	1	25127
"(???) Metal Gear Solid HD Collection ()"	1	25128
"(???) Middle-earth ()"	1	25129
"(???) Omnibus 2 ()"	1	25130
"(???) PanzerGeneral ()"	1	25131
"(???) Picross ()"	1	25132
"(???) Pro Evolution Soccer 200x ()"	1	25133
"(???) Prof layton ()"	1	25134
"(???) SC:BL ()"	1	25135
"(???) Skylanders ()"	1	25136
"(???) The tribes & castles ()"	1	25137
"(???) Titan ()"	1	25138
"(???) Trials ()"	1	25139
"(???) Wice star ()"	1	25140
"(???) Wing Commander ()"	1	25141
"(???) X-Plane ()"	1	25142
"(???) oculus rift demos ()"	1	25143
"(???) viele Indie-Puzzle/Adventure-Spiele ()"	1	25144
"Age of Chivalry (2004)"	1	25145
"Airline Tycoon 2 (2011)"	1	25146
"Amnesia: The Dark Descent (2011)"	1	25147
"Anarchy Online (2004)"	1	25148
"Angry Birds Rio (2013)"	1	25149
"Armed Assault 3‎ (2013)"	1	25150
"Art of Balance (2010)"	1	25151
"Bang Bang Racing (2012)"	1	25152
"Blackwell Unbound (2012)"	1	25153
"Bladestorm: Der Hundertjährige Krieg (2007)"	1	25154
"Blendoku (.)"	1	25155
"Blockstorm (2015)"	1	25156
"Bubble Witch 2 Saga (.)"	1	25157
"Bully: Scholarship Edition (2008)"	1	25158
"Caesar III ()"	1	25159
"Castlestorm (2013)"	1	25160
"Ceville (2009)"	1	25161
"Chaos auf Deponia (2012)"	1	25162
"Chess 2 - The Sequel (2014)"	1	25163
"Children of Mana (2006)"	1	25164
"Cities in Motion 2 (2013)"	1	25165
"Clonk Rage (2007)"	1	25166
"Command & Conquer: Tiberian Sun (2006)"	1	25167
"DARK (2013)"	1	25168
"Daedelus (2014)"	1	25169
"Danganronpa 2: Goodbye Despair (2014)"	1	25170
"Dark Messiah of Might and Magic (2006)"	1	25171
"Daylight (2014)"	1	25172
"Defy Gravity (2011)"	1	25173
"Delta Force: Black Hawk Down (2002)"	1	25174
"Delver (2013)"	1	25175
"Disney Infinity (2013)"	1	25176
"Donkey Kong Country Returns (2010)"	1	25177
"Doodle God (2015)"	1	25178
"Doom (1993)"	1	25179
"DotA 1 (2002)"	1	25180
"Drakengard 3 (2014)"	1	25181
"Drunken Robot Pornography (2014)"	1	25182
"Ducktales ()"	1	25183
"Duke Nukem: Time to Kill (1998)"	1	25184
"Dungeon Hunter 3 (.)"	1	25185
"EA Sports UFC (2014)"	1	25186
"Eador: Masters of the Broken World (2013)"	1	25187
"Emoji Quiz (.)"	1	25188
"English Country Tune (2011)"	1	25189
"Epic Cards Battle (2015)"	1	25190
"Evoland: A Short Story of Adventure Video Games Evolution (GOG) (2013)"	1	25191
"F.E.A.R. 2 (2009)"	1	25192
"F1 Race Stars (2012)"	1	25193
"Fable 2 (2008)"	1	25194
"Faery - Legends of Avalon (2010)"	1	25195
"Farmville Heroes (.)"	1	25196
"Final Horizon (2014)"	1	25197
"Flight of the Amazon Queen (1995)"	1	25198
"Football Manager 2014 (2013)"	1	25199
"FortressCraft Evolved! (.)"	1	25200
"Freedom Wars (2014)"	1	25201
"From the Depth (2014)"	1	25202
"Frozen: Olaf's Quest (.)"	1	25203
"Gabriel Knight: Sins of the Fathers ()"	1	25204
"Game Of Thrones Ascent (2013)"	1	25205
"Gear Up (2015)"	1	25206
"Geheimakte 2: Puritas Cordis (2010)"	1	25207
"God of War II (2007)"	1	25208
"Grim Dawn (.)"	1	25209
"Gunman Chronicles (2000)"	1	25210
"Halo: Combat Evolved Anniversary (2011)"	1	25211
"Hazard Ops (2014)"	1	25212
"Heroes of Might and Magic 2 (1997)"	1	25213
"Hexcells Plus (2014)"	1	25214
"Horizon (2014)"	1	25215
"IL-2 Sturmovik: Cliffs of Dover (2011)"	1	25216
"Invisible Inc. (2014)"	1	25217
"Kentucky Road Zero ()"	1	25218
"King of Dragon Pass (1999)"	1	25219
"LEGO City Undercover (2013)"	1	25220
"LEGO Pirates of the Caribbean (2011)"	1	25221
"Letter Quest: Grimm's Journey (2014)"	1	25222
"Luigi's Mansion (2001)"	1	25223
"Lux Touch (.)"	1	25224
"Madden nfl 13 (2012)"	1	25225
"MagnaCarta 2 (.)"	1	25226
"Manhunt 2 ()"	1	25227
"Merchants of Kaidan (2014)"	1	25228
"Metal Gear Solid: Peace Walker (2010)"	1	25229
"Might & Magic VI: The Mandate of Heaven (1998)"	1	25230
"Might & Magic X: Legacy (2014)"	1	25231
"Minetest (2011)"	1	25232
"MiniDayZ (2014)"	1	25233
"Monstermind (2012)"	1	25234
"My Little Pony: Friendship Is Magic (2012)"	1	25235
"NEO Scavenger (.)"	1	25236
"Nation Red (2009)"	1	25237
"Need for Speed: The Crew ()"	1	25238
"Need for Speed: Underground 2 (2004)"	1	25239
"New Super Luigi U (2013)"	1	25240
"NotTetris ()"	1	25241
"Otomaid @ Cafe (2013)"	1	25242
"Pathfinder Online (3000)"	1	25243
"Picmi (.)"	1	25244
"Picross E4 (2014)"	1	25245
"Pikmin (2001)"	1	25246
"Plants vs. Zombie (2009)"	1	25247
"Play Epic Battle Fantasy 4 (2014)"	1	25248
"Prison Rape Simulator 2014 ()"	1	25249
"Professor Layton und das Geheimnisvolle Dorf (2007)"	1	25250
"Prototype 2 (2012)"	1	25251
"Quantum Conundrum (2012)"	1	25252
"Rambo: The Video Game (2014)"	1	25253
"Ratchet & Clank Future: A Crack in Time (2009)"	1	25254
"Ravaged Zombie Apocalypse (2013)"	1	25255
"ReRave (.)"	1	25256
"Red Faction (2001)"	1	25257
"Roads of Rome 3 (2012)"	1	25258
"Rules! (2014)"	1	25259
"Running with Rifles (.)"	1	25260
"Sacred Citadel (2013)"	1	25261
"Satellite Reign (2014)"	1	25262
"Scarlet Blade (2013)"	1	25263
"Secret Ponchos (2014)"	1	25264
"Secret of Evermore (1995)"	1	25265
"Shakes & Fidget (2009)"	1	25266
"Shaun White Snowboarding (2008)"	1	25267
"Silent Hunter 3 (2008)"	1	25268
"Simon the Sorcerer ()"	1	25269
"Singstar (2004)"	1	25270
"Skylanders Giants (.)"	1	25271
"Sly Cooper: Thieves in Time (2013)"	1	25272
"Smash Tennis (1994)"	1	25273
"Sonic Adventure DX (2003)"	1	25274
"SpellForce 2: Demons of the Past (2014)"	1	25275
"Spin Tires (2014)"	1	25276
"Spirits (2012)"	1	25277
"Star Pirates (.)"	1	25278
"Star Trek: Starfleet Academy (1997)"	1	25279
"Star Wars: The Force Unleashed 2 (2010)"	1	25280
"State of Decay: Breakdown (2013)"	1	25281
"Strategic Command Global Conflict (2010)"	1	25282
"Street Fighter Alpha 3 (2000)"	1	25283
"Super Street Fighter V (3000)"	1	25284
"Sword Art Online: Hollow Fragment (2014)"	1	25285
"Tales of Aravorn: Seasons Of The Wolf (2014)"	1	25286
"Tales of Symphonia: Dawn of the New World (2014)"	1	25287
"Tekken Tag Tournament (2000)"	1	25288
"Teleglitch: Die More Edition (2013)"	1	25289
"Terranigma (1996)"	1	25290
"The Bard's Tale (2005)"	1	25291
"The Curious Expedition (2015)"	1	25292
"The Escapist (.)"	1	25293
"The Expandabros (2014)"	1	25294
"The G.G. Shinobi (1991)"	1	25295
"The Legend of Zelda: Majora's Mask (2009)"	1	25296
"The Masterplan (.)"	1	25297
"The Organ Trail (1971)"	1	25298
"The Samaritan Paradox (2014)"	1	25299
"The Thirty-Nine Steps (2013)"	1	25300
"Theatrhythm Final Fantasy: Curtain Call (2014)"	1	25301
"Tomb Raider: Underworld (2008)"	1	25302
"Tony Hawk's Underground 2 (2004)"	1	25303
"Top Eleven (2010)"	1	25304
"Toybox Turbos (2014)"	1	25305
"Traffic Racer (.)"	1	25306
"Turbo Dismount (2014)"	1	25307
"Two Worlds II (2010)"	1	25308
"UFC Undisputed 3 (2012)"	1	25309
"Ultimate NES Remix (2014)"	1	25310
"Unholy Heights (2013)"	1	25311
"Vagrant Story (2000)"	1	25312
"Victim of Xen (2014)"	1	25313
"Völgarr the Viking (2014)"	1	25314
"Warmachine: Tactics (.)"	1	25315
"Way of the Samurai 4 (2012)"	1	25316
"Wizardry: Crusaders of the Dark Savant (1992)"	1	25317
"Worms: Clan Wars (2013)"	1	25318
"X: Beyond The Frontier (2010)"	1	25319
"XIII (2005)"	1	25320
"YGOPro DevPro (.)"	1	25321
"der herr der ringe schlacht um mittelerde (2004)"	1	25322
"mushroom garden (.)"	1	25323
"this war of mine (2014)"	1	25324
"(???) Bioshock 1&2 ()"	1	25325
"(???) C&C alle Teile ()"	1	25326
"(???) Call of Duty diverse ()"	1	25327
"(???) Dirt Sc ()"	1	25328
"(???) EA UFC Undisputed ()"	1	25329
"(???) Family Guy ()"	1	25330
"(???) Forza Motorsport ()"	1	25331
"(???) Genre: Shmups ()"	1	25332
"(???) God Of War 1+3 ()"	1	25333
"(???) Ich hasse Frauen ()"	1	25334
"(???) Lasers ()"	1	25335
"(???) Metroid Prime ()"	1	25336
"(???) Nhl ()"	1	25337
"(???) PacMan ()"	1	25338
"(???) Pirates ()"	1	25339
"(???) Postal ()"	1	25340
"(???) Ratchet & Clank ()"	1	25341
"(???) Siedler ()"	1	25342
"(???) Simsons ()"	1	25343
"(???) StarCraft II inkl. BroodWar ()"	1	25344
"(???) StarCraft III ()"	1	25345
"(???) Sudoku ()"	1	25346
"(???) Super Mario Bros. ()"	1	25347
"(???) Thief 1-3 ()"	1	25348
"(???) Tomb Raider - Alle Teile ()"	1	25349
"(???) Total War ()"	1	25350
"(???) Total War (Spielereihe) ()"	1	25351
"(???) Trine 1+2 ()"	1	25352
"(???) X:COM ()"	1	25353
"(???) empire ()"	1	25354
"(???) etliche Smartphone-Spiele ()"	1	25355
"(???) price grab ()"	1	25356
"(???) simpsons spiel fuer android ()"	1	25357
"8 Ball Pool Billard (.)"	1	25358
"80 days (.)"	1	25359
"Aarklash: Legacy (2013)"	1	25360
"Age of Conan ()"	1	25361
"Alien Hive (.)"	1	25362
"Alien Rage: Unlimited (2013)"	1	25363
"Aliens vs Predators (2010) (2010)"	1	25364
"Altitude (2009)"	1	25365
"Angry Birds Transformers (.)"	1	25366
"Angry Birds: Star Wars (2013)"	1	25367
"Anstoss 3 (2006)"	1	25368
"Arcania: Gothic 4 (2010)"	1	25369
"Armies of Exigo (2004)"	1	25370
"Assassins Creed Black Flag (2013)"	1	25371
"Badland (2013) (2005)"	1	25372
"Baphomets Fluch: Der Sündenfall (2013)"	1	25373
"Beasts of Prey (2014)"	1	25374
"Betrayer (2014)"	1	25375
"Biohazard rebirth ()"	1	25376
"Bit.Trip.Runner (2011)"	1	25377
"Blobby Volley (2000)"	1	25378
"Braveland (2014)"	1	25379
"Brink (2011)"	1	25380
"CSI: Hidden Crimes (.)"	1	25381
"Castle Crush (2009)"	1	25382
"CastleMiner Z (2014)"	1	25383
"Castlevania: Lords of Shadow - Mirror of Fate HD (2013)"	1	25384
"Catherine (2012)"	1	25385
"Chrono Trigger (2008)"	1	25386
"Crash Bandicoot 2 ()"	1	25387
"Crime City (2008)"	1	25388
"Dark Project 2: The Metal Age (.)"	1	25389
"Dark Raid (2014)"	1	25390
"Darkest of Days (2009)"	1	25391
"Darkfall Online (.)"	1	25392
"Devil's Attorney (.)"	1	25393
"Die Kunst des Mordens: Geheimakte FBI (2011)"	1	25394
"Donkey Kong Country (1994)"	1	25395
"Doom 3 (2005)"	1	25396
"Dragon Age Inquisition (2014)"	1	25397
"Dragon Quest (1986)"	1	25398
"Dragon Quest IX (2009)"	1	25399
"Duke Nukem: Land of the Babes (2000)"	1	25400
"E.Y.E: Divine Cybermancy (2011)"	1	25401
"Earn to Die (.)"	1	25402
"Elsword (.)"	1	25403
"Eufloria HD (.)"	1	25404
"Euro Truck Simulator 2013 (2008)"	1	25405
"Evil Genius (2004)"	1	25406
"Evochron Mercenary (2012)"	1	25407
"F1 2011 (2011)"	1	25408
"Fable Anniversary (2014)"	1	25409
"Fable III (2011)"	1	25410
"Fantasia: Mickey Mouse Magic (1991)"	1	25411
"Final Fight (1990)"	1	25412
"Fire Emblem: Path of Radiance (2005)"	1	25413
"Fist of Awesome (2013)"	1	25414
"Flappy Crush (.)"	1	25415
"Flight Control (2009)"	1	25416
"Floating Point (2014)"	1	25417
"Football Manager 2015 (2014)"	1	25418
"Formel 1 2011 (2011)"	1	25419
"Fortnite (2015)"	1	25420
"Framed (2014)"	1	25421
"FreeCell (2007)"	1	25422
"Fuchstreff: Doppelkopf für Füchse (.)"	1	25423
"Fußball Manager 14 (.)"	1	25424
"Gabriel Knight: Sins of the Fathers 20th Anniversary Edition (2014)"	1	25425
"Gardenscape (.)"	1	25426
"Gods Will Be Watching (2014)"	1	25427
"Gray Matter (2011)"	1	25428
"Grotesque Tactics 2: Dungeons and Donuts (2011)"	1	25429
"Guild Wars (2005)"	1	25430
"Halfway (2014)"	1	25431
"Heroes Charge (.)"	1	25432
"Highway Racer 3D (.)"	1	25433
"Homeworld (1999)"	1	25434
"Hoplite (2013)"	1	25435
"Hyperdimension Neptunia Re;Birth1 (2014)"	1	25436
"I Am Alive (2012)"	1	25437
"Ice Breaker (1995)"	1	25438
"Idle Oil Tycoon (.)"	1	25439
"Imouto Ijime (2009)"	1	25440
"InWorldz (2009)"	1	25441
"InflationRPG (.)"	1	25442
"Insane 2 (2012)"	1	25443
"Jazz Jackrabbit 2 (1998)"	1	25444
"Kalah! ()"	1	25445
"Kane & Lynch: Dead Men (2007)"	1	25446
"Kid Icarus: Uprising (2014)"	1	25447
"KnightShift (2005)"	1	25448
"Legacy of Kain (2000)"	1	25449
"Lego Star Wars: The Complete Saga (2007)"	1	25450
"Little Big Planet 2 (2011)"	1	25451
"Lucius (2012)"	1	25452
"Lylat Wars (2007)"	1	25453
"Magic: The Gathering ()"	1	25454
"Mahjong Tower ()"	1	25455
"Mario Party 7 (2006)"	1	25456
"Marvel Heroes 2015 (2014)"	1	25457
"Marvel vs StreetFighter (1998)"	1	25458
"Marvel: Ultimate Alliance (2006)"	1	25459
"Mega Man 3 (1990)"	1	25460
"Metal Slug 3 (2007)"	1	25461
"Might and Magic VIII: Day of the Destroyer (2011)"	1	25462
"Monopoly App ()"	1	25463
"Muramasa Rebirth (2013)"	1	25464
"My Lands (2014)"	1	25465
"NASCAR '14 (2014)"	1	25466
"Nano Assault Neo (2012)"	1	25467
"New Super Mario Bros. 2 (2012)"	1	25468
"New Super Mario Bros. Wii (2009)"	1	25469
"Nidhogg (2014)"	1	25470
"Nitro Nation Online (.)"	1	25471
"Octodad (2014)"	1	25472
"Okami (2008)"	1	25473
"Outlaws (1997)"	1	25474
"Overruled! (2014)"	1	25475
"P.T. (2014)"	1	25476
"Pandora - First Contact (2014)"	1	25477
"Patrizier IV (2013)"	1	25478
"Penumbra: Overture (2009)"	1	25479
"Pharaoh (1999)"	1	25480
"Piano Tiles (Don't Tap The White Tile) (.)"	1	25481
"PixelJunk Monsters Ultimate (2013)"	1	25482
"Pokémon Mystery Dungeon: Erkundungsteam Dunkelheit (2008)"	1	25483
"Pokémon Omega Rubin (.)"	1	25484
"Pokémon: Schwarze Edition 2 (2012)"	1	25485
"Powerstar Golf (2013)"	1	25486
"Rage of Bahamut (2012)"	1	25487
"Ragnarok Online 2 (.)"	1	25488
"Rail Nation (2013)"	1	25489
"Rayman (1995)"	1	25490
"Realms of the Haunting (2011)"	1	25491
"Recruits - Make Heroes. Make History (2014)"	1	25492
"Reflec Beat plus! (2010)"	1	25493
"RockBand (2008)"	1	25494
"Rockband 3 (2010)"	1	25495
"Rumble Roses XX (2006)"	1	25496
"Rune Factory 4 (2014)"	1	25497
"S.K.I.L.L.-Special Force 2 (.)"	1	25498
"S.N.O.W. (2014)"	1	25499
"SWAT 4 (2005)"	1	25500
"Schleichfahrt (1996)"	1	25501
"Screencheat (2014)"	1	25502
"Secret Weapons over Normandy (2003)"	1	25503
"Shadow Kings (.)"	1	25504
"Shift 2: Unleashed (2011)"	1	25505
"Shin Megami Tensei: Digital Devil Saga (2005)"	1	25506
"Sightline: The Chair (3000)"	1	25507
"Silent Hill (1999) (1999)"	1	25508
"Sins of the Dark Age (2015)"	1	25509
"Skullgirls (2012)"	1	25510
"Skylanders: Swap Force (Starter Pack) (2013)"	1	25511
"Sonic the Hedgehog 2 (2003)"	1	25512
"Splice (2012)"	1	25513
"Star Wars: Episode III – Die Rache der Sith (2005)"	1	25514
"Star Wars: Jedi Knight 2: Jedi Outcast (2002)"	1	25515
"Star Wars: The Battle of Endor (2014)"	1	25516
"StarDrive (2013)"	1	25517
"Starpoint Gemini (2011)"	1	25518
"Strategic Command World War 1 (2010)"	1	25519
"Stronghold Crusader HD (.)"	1	25520
"Summoners War: Sky Arena (.)"	1	25521
"Sunless Sea (.)"	1	25522
"Super Mario 64 (1996)"	1	25523
"Tactical Ops (2002)"	1	25524
"Take On Helicopters (2011)"	1	25525
"Tales Of Hearts (2008)"	1	25526
"Team Fortress Classic (2005)"	1	25527
"Temple Run (.)"	1	25528
"Tetris Ultimate (.)"	1	25529
"The Amazing Spider-Man ()"	1	25530
"The Chronicles of Riddick: Escape from Butcher Bay (2004)"	1	25531
"The Inner World (2010)"	1	25532
"The Last Remnant (2009)"	1	25533
"The Last Story (2012)"	1	25534
"The Legend of Zelda: Twilight Princess (2006)"	1	25535
"The Night of the Rabbit (2013)"	1	25536
"The Sailor's Dream (.)"	1	25537
"The Second World (1990)"	1	25538
"The Ship (2006)"	1	25539
"The Tiny Bang Story (2011)"	1	25540
"Toki Tori (2011)"	1	25541
"Tom Clancy's Rainbow Six: Rogue Spear ()"	1	25542
"Townsmen (.)"	1	25543
"Toy Soldiers (2010)"	1	25544
"Trackmania Nations (2006)"	1	25545
"Train Simulator 2014 (2013)"	1	25546
"UFO: Extraterrestrials (2007)"	1	25547
"Ultima IV: Quest of the Avatar (1985)"	1	25548
"Uncharted: Drakes Schicksal (2007)"	1	25549
"Underrail (2013)"	1	25550
"Underworld Empire (.)"	1	25551
"Velocity 2X (2014)"	1	25552
"Viscera Cleanup Detail (2014)"	1	25553
"WRC: Powerslide (2014)"	1	25554
"WWE Smackdown vs. Raw 2008 (2007)"	1	25555
"Warhammer: Mark of Chaos (2006)"	1	25556
"Warzone 2100 (1999)"	1	25557
"Wing Commander III: Heart of the Tiger (1994)"	1	25558
"Worms: Reloaded (2010)"	1	25559
"X-COM: Terror from the Deep (2007)"	1	25560
"Yoshi's Story (1998)"	1	25561
"Zombie Driver HD (2012)"	1	25562
"Zombie Roadkill (.)"	1	25563
"Zombies vs. Plants (.)"	1	25564
"Zoo Tycoon (2001)"	1	25565
"Zug um Zug ()"	1	25566
"forza horizon 2 (2014)"	1	25567
"(???) Bat man ()"	1	25568
"(???) BlazBlue (alle Spielereihe) ()"	1	25569
"(???) Call of Duty Advanced Warfigher ()"	1	25570
"(???) Dark Souls 1+2 ()"	1	25571
"(???) Downhill Racing ()"	1	25572
"(???) Family Guy (Android) ()"	1	25573
"(???) Genius Unternehmen Physik ()"	1	25574
"(???) Genre: RTS ()"	1	25575
"(???) Knights of the old Republic 1+2 ()"	1	25576
"(???) Landwirtschafts -Simulator ()"	1	25577
"(???) M.A.X. ()"	1	25578
"(???) Mario ()"	1	25579
"(???) Mass effect 1,2,3 ()"	1	25580
"(???) Runaway 1-3 ()"	1	25581
"(???) SPIDERMAN ()"	1	25582
"(???) Scooby Doo ()"	1	25583
"(???) Southpark ()"	1	25584
"(???) Tentacle Girl ()"	1	25585
"(???) Tentacle Wars ()"	1	25586
"(???) The Elder Scrolls: Oblivion/Skyrim ()"	1	25587
"(???) Tomb Raider 1 + 2 ()"	1	25588
"(???) Unchartet 1-3 ()"	1	25589
"(???) Wipe Out ()"	1	25590
"(???) andrere ()"	1	25591
"0h h1 (2015)"	1	25592
"10000000 (2012)"	1	25593
"AaaaaAAaaaAAAaaAAAAaAAAAA!!! for the Awesome (2011)"	1	25594
"Ace Combat 6: Fires of Liberation (2007)"	1	25595
"Advance Wars: Dual Strike (2005)"	1	25596
"Alien Swarm (2010)"	1	25597
"Alundra (1997)"	1	25598
"Amazing Alex (.)"	1	25599
"Ar nosurge: Ode to an Unborn Star (2014)"	1	25600
"Arcana Heart 3: LOVE MAX!!!!! (2011)"	1	25601
"Azkend (.)"	1	25602
"Batman: Arkham Knight (2015)"	1	25603
"Battlefield Play4Free (2011)"	1	25604
"BeamNG.drive (2013)"	1	25605
"Bit.Trip.Runner 2 (2013)"	1	25606
"Blobby Volley 2 (2006)"	1	25607
"Brave and Default (2012)"	1	25608
"Captain Toad: Treasure Tracker (2015)"	1	25609
"Cities XL Platinum (2013)"	1	25610
"Cities in Motion (2011)"	1	25611
"ClusterPuck 99 (2014)"	1	25612
"Construction Simulator 2015 (2014)"	1	25613
"Cook, Serve, Delicious! (2013)"	1	25614
"Cosmonautica (2015)"	1	25615
"Costume Quest 2 (2014)"	1	25616
"Crawl (2014)"	1	25617
"Croqinole ()"	1	25618
"DTM Experience 2014 (.)"	1	25619
"Darkness Reborn (.)"	1	25620
"Darwinia (2006)"	1	25621
"Deliverance-Kingdome Comes Tech Alpha (2016)"	1	25622
"Die Gilde (.)"	1	25623
"Die Siedler II – Die nächste Generation (2006)"	1	25624
"Dirks kostenloser Fussballmanager (2009)"	1	25625
"Dirty Bomb (2015)"	1	25626
"Doom & Destiny (2012)"	1	25627
"Doom 2 (2002)"	1	25628
"Duke Nukem: Manhattan Project (2002)"	1	25629
"Dungeon Hunter: Alliance (2012)"	1	25630
"Dungeon Raid (.)"	1	25631
"Dungeon of Slyn (.)"	1	25632
"EDGE Extended (.)"	1	25633
"Earth Defense Force 2025 (2014)"	1	25634
"East India Company (2009)"	1	25635
"Electronic Super Joy (2013)"	1	25636
"Estraged (2014)"	1	25637
"Euro Trucksimulator 2014 (.)"	1	25638
"F-Zero GX (2003)"	1	25639
"F1 Challenge 99-02 (2003)"	1	25640
"FarmVille (2009)"	1	25641
"Final Fantasy II (2001)"	1	25642
"Final Fantasy V (1999)"	1	25643
"Flow Free: Bridges (.)"	1	25644
"Fruit Ninja (2010)"	1	25645
"Galactic Civilizations II (2009)"	1	25646
"Geheimakte: Sam Peters (.)"	1	25647
"God Mode (2013)"	1	25648
"Godville (2010)"	1	25649
"Goldeneye 007 (n64) (2010)"	1	25650
"Goodgame Empire (2012)"	1	25651
"Great Big war game (2012)"	1	25652
"Guilty Gear Xrd (2014)"	1	25653
"Haegemonia: Legions of Iron (2014)"	1	25654
"Halo 5: Guardians (2015)"	1	25655
"Hardboiled Chicken (2012)"	1	25656
"Hashi ()"	1	25657
"Haxball (.)"	1	25658
"Heroes of Might and Magic 5 (2006)"	1	25659
"Heroes of Might and Magic 6 (2011)"	1	25660
"Hitman GO (.)"	1	25661
"Ice Age: Die Siedlung (.)"	1	25662
"Indiana Jones and the Fate of Atlantis (1992)"	1	25663
"Indiana Jones-greatest Adventures (1994)"	1	25664
"Just Dance 2014 (2013)"	1	25665
"Just Dance 2015 (2014)"	1	25666
"Landmark (2014)"	1	25667
"LittleBigPlanet: Karting (2012)"	1	25668
"Maia (2013)"	1	25669
"Manhunt (2004)"	1	25670
"Mars Effect (2007)"	1	25671
"Mata Hari (2008)"	1	25672
"Max & Mario - Die Rache des Dr. Düster (2001)"	1	25673
"McPixel (2012)"	1	25674
"MechWarrior 4: Mercenaries (2002)"	1	25675
"Monopoly Plus (.)"	1	25676
"Neuroshima Hex (.)"	1	25677
"Nimble Quest (2013)"	1	25678
"ORION: Prelude (2012)"	1	25679
"Obulis (2009)"	1	25680
"Pizza Connection ()"	1	25681
"Pokémon Showdown (.)"	1	25682
"Pokémon Trading Card Game Online (2015)"	1	25683
"Pokémon: Smaragd-Edition (2005)"	1	25684
"Pro Cycling Manager 2013 (2013)"	1	25685
"Pro Evolution Soccer 6 (2006)"	1	25686
"Professor Layton und die Maske der Wunder (2012)"	1	25687
"Real Racing 3 (2013)"	1	25688
"Real World Racing (2013)"	1	25689
"Renegade Ops (2011)"	1	25690
"Rise of Flight (2009)"	1	25691
"Sacred 3 (2014)"	1	25692
"Sauspiel Schafkopf (.)"	1	25693
"School of Dragons (2014)"	1	25694
"Serious Sam 2 HD (2010)"	1	25695
"Shadow Man (1999)"	1	25696
"Shantae (2013)"	1	25697
"Shattered Horizon (2009)"	1	25698
"Sing Party (.)"	1	25699
"Skull Girls (2012)"	1	25700
"Skylanders: Trap Team (2014)"	1	25701
"Sniper Elite: Zombie Army (2013)"	1	25702
"Sonic Boom: Rise of Lyric (2014)"	1	25703
"Space Age: A Game of Space Adventure (.)"	1	25704
"Space Trader (Eigenproduktion) ()"	1	25705
"Spider-Man Unlimited (.)"	1	25706
"Star Wars: The Force Unleashed (2008)"	1	25707
"Star Wars: X-Wing (1994)"	1	25708
"Starwhal (.)"	1	25709
"Still Life 2 (2010)"	1	25710
"Subway Surfers (2012)"	1	25711
"Sudeki (2006)"	1	25712
"Sudoku Free (.)"	1	25713
"Supersonic Acrobatic Rocket-Powered Battle-Cars (2009)"	1	25714
"Sword of the Stars: The Pit (2013)"	1	25715
"Söldner – Secret Wars (2004)"	1	25716
"Tales of Xillia (2011)"	1	25717
"Tangled (.)"	1	25718
"Tekken 6 (2009)"	1	25719
"Teleglitch (2013)"	1	25720
"Texas Hold'Em King 2 (.)"	1	25721
"The Age of Decadence (.)"	1	25722
"The Battle for Wesnoth (.)"	1	25723
"The Bridge (2013)"	1	25724
"The Golf Club (2014)"	1	25725
"The Hunter (.)"	1	25726
"The Last Tinker: City of Colors (2014)"	1	25727
"The Wonderful 101 (2013)"	1	25728
"The Yawhg (2013)"	1	25729
"Theme Hospital (1997)"	1	25730
"Time Ramesside (2015)"	1	25731
"Tiny Tower (2011)"	1	25732
"Township (2013)"	1	25733
"TrackMania United (2007)"	1	25734
"Transformers: Fall of Cybertron (2012)"	1	25735
"Turok 2: Seeds of Evil (1998)"	1	25736
"UFO: Enemy Unknown (1995)"	1	25737
"Und mehr ()"	1	25738
"Universe Sandbox (2011)"	1	25739
"Unmechanical (2012)"	1	25740
"Vainglory (2014)"	1	25741
"WWE 2k13 (2012)"	1	25742
"War of the Roses (2012)"	1	25743
"Wario Ware, Inc. Minigame Mania (2003)"	1	25744
"Warlock: Master of Arcane (2012)"	1	25745
"Wii Fit U (2013)"	1	25746
"Wizard's Choice (.)"	1	25747
"World Cruise Story (.)"	1	25748
"World In Conflict (2007)"	1	25749
"World Soccer Winning Eleven 9 (2005)"	1	25750
"World War II Online (2001)"	1	25751
"Worms 2: Armageddon (2009)"	1	25752
"X3: Gold Edition (2008)"	1	25753
"XCOM UFO Defense (2008)"	1	25754
"prey (2006)"	1	25755
