"Table: [Spiel 1] Welche Spiele hast du in den letzten 21 Tagen genutzt? (Gib bei Addons/Mods bitte das Hauptspiel an.)"	"n"	"sum"
"Dragon Age: Inquisition"	494	494
"Assassin's Creed: Unity"	452	946
"Far Cry 4"	442	1388
"Battlefield 4"	425	1813
"Grand Theft Auto V"	401	2214
"Counter-Strike: Global Offensive"	334	2548
"The Elder Scrolls V: Skyrim"	296	2844
"World of Warcraft"	293	3137
"Diablo III"	259	3396
"League of Legends"	255	3651
"FIFA 15"	250	3901
"Minecraft"	210	4111
"Call of Duty: Advanced Warfare"	186	4297
"Destiny"	169	4466
"The Crew"	156	4622
"Mittelerde: Mordors Schatten"	155	4777
"PayDay 2"	152	4929
"Sid Meier's Civilization V"	145	5074
"Far Cry 3"	130	5204
"Dragon Age: Origins"	128	5332
"Dota 2"	127	5459
"Borderlands 2"	121	5580
"Hearthstone: Heroes of Warcraft"	121	5701
"The Evil Within"	119	5820
"Battlefield 3"	116	5936
"Assassin's Creed IV: Black Flag"	114	6050
"ArmA 2"	113	6163
"Alien: Isolation"	110	6273
"Total War: Rome II"	108	6381
"Super Smash Bros 4"	106	6487
"The Binding of Isaac: Rebirth"	105	6592
"ArmA 3"	104	6696
"The Walking Dead"	93	6789
"Borderlands: The Pre-Sequel"	90	6879
"Guild Wars 2"	88	6967
"Mario Kart 8"	88	7055
"World of Tanks"	84	7139
"Pokémon: Alpha Saphir"	83	7222
"Sid Meier's Civilization: Beyond Earth"	80	7302
"StarCraft II: Wings of Liberty"	79	7381
"Europa Universalis IV"	78	7459
"Halo - The Master Chief Collection"	78	7537
"Watch_Dogs"	78	7615
"The Last of Us"	69	7684
"War Thunder"	69	7753
"Dark Souls II"	65	7818
"Star Wars: The Old Republic"	65	7883
"Team Fortress 2"	65	7948
"Company of Heroes 2"	63	8011
"Counter-Strike"	61	8072
"Forza Horizon 2"	61	8133
"The Witcher 2: Assassins of Kings"	61	8194
"Tomb Raider"	59	8253
"This War of Mine"	58	8311
"The Binding of Isaac"	56	8367
"Wolfenstein: The New Order"	56	8423
"Titanfall"	55	8478
"Lords of the Fallen"	54	8532
"Game of Thrones"	53	8585
"Left 4 Dead 2"	53	8638
"Wasteland 2"	53	8691
"The Wolf Among Us"	51	8742
"Dark Souls"	49	8791
"Warframe"	49	8840
"Clash of Clans"	46	8886
"Garry's Mod"	46	8932
"BioShock Infinite"	45	8977
"Saints Row IV"	45	9022
"Star Citizen"	45	9067
"(???) Assassin's Creed"	44	9111
"Call of Duty"	44	9155
"Kerbal Space Program"	44	9199
"Risen 3: Titan Lords"	44	9243
"Divinity: Original Sin"	43	9286
"FTL: Faster Than Light"	41	9327
"Mount&Blade: Warband"	41	9368
"NBA 2k15"	41	9409
"Planetside 2"	41	9450
"Crusader Kings II"	40	9490
"Euro Truck Simulator 2"	40	9530
"Assassin's Creed III"	39	9569
"South Park: Der Stab der Wahrheit"	39	9608
"FIFA 14"	38	9646
"Insurgency: Modern Infantry Combat"	38	9684
"Mass Effect 3"	38	9722
"Fallout: New Vegas"	37	9759
"Half-Life 2"	37	9796
"Banished"	36	9832
"Call of Duty: Black Ops II"	36	9868
"Elite: Dangerous"	36	9904
"Valkyria Chronicles"	35	9939
"Mass Effect"	34	9973
"Counter-Strike: Source"	32	10005
"Driveclub"	32	10037
"Killing Floor"	32	10069
"Anno 2070"	31	10100
"Borderlands"	31	10131
"Grand Theft Auto IV"	31	10162
"Halo: Combat Evolved"	31	10193
"Portal 2"	31	10224
"Dishonored: Die Maske des Zorns"	30	10254
"Path of Exile"	30	10284
"Pflanzen gegen Zombies: Garden Warfare"	30	10314
"Fallout 3"	29	10343
"Pro Evolution Soccer 2015"	29	10372
"The Elder Scrolls Online"	29	10401
"Warcraft III: Reign of Chaos"	29	10430
"(???) Super Smash Bros."	28	10458
"Call of Duty: Ghosts"	28	10486
"DayZ Standalone"	28	10514
"Sunset Overdrive"	28	10542
"Age of Empires II: The Age of Kings"	27	10569
"Bayonetta 2"	27	10596
"Space Engieeners"	27	10623
"The Witcher"	27	10650
"Don't Starve"	26	10676
"Terraria"	26	10702
"Train Fever"	26	10728
"Dragon Age II"	25	10753
"EVE Online"	25	10778
"Gothic II"	25	10803
"Heroes of the Storm"	25	10828
"Hyrule Warriors"	25	10853
"Landwirtschafts-Simulator 2015"	25	10878
"Star Trek Online"	25	10903
"Anno 1404"	24	10927
"Final Fantasy XIII"	24	10951
"XCOM: Enemy Unknown"	24	10975
"Assassin's Creed Rogue"	23	10998
"Injustice: Gods Among Us"	23	11021
"Shadow Warrior"	23	11044
"The Last of Us: Remastered"	23	11067
"Total War: Shogun 2"	23	11090
"7 Days to Die"	22	11112
"Assassin's Creed II"	22	11134
"Tales from the Borderlands"	22	11156
"Company of Heroes"	21	11177
"Dead Rising 3"	21	11198
"Die Sims 4"	21	11219
"Hitman: Absolution"	21	11240
"inFAMOUS Second Son"	21	11261
"Dead Island"	20	11281
"Deus Ex: Human Revolution"	20	11301
"Prison Architect"	20	11321
"Ryse: Son of Rome"	20	11341
"Batman: Arkham Origins"	19	11360
"Call of Duty: Modern Warfare 2"	19	11379
"Final Fantasy XIV: A Realm Reborn"	19	11398
"Mass Effect 2"	19	11417
"Metro 2033 Redux"	19	11436
"Papers, Please"	19	11455
"Pokémon X"	19	11474
"(???) Fifa"	18	11492
"ArcheAge"	18	11510
"GRID 2"	18	11528
"Rising Storm"	18	11546
"The Forest"	18	11564
"The Vanishing of Ethan Carter"	18	11582
"Valiant Hearts: The Great War"	18	11600
"Gothic 3"	17	11617
"MechWarrior Online"	17	11634
"Mirror's Edge"	17	11651
"State of Decay"	17	11668
"Thief"	17	11685
"Goat Simulator"	17	11702
"Batman: Arkham City"	16	11718
"Battlefield: Bad Company 2"	16	11734
"Endless Legend"	16	11750
"Enslaved: Odyssey to the West"	16	11766
"Forza Motorsport 5"	16	11782
"Just Cause 2"	16	11798
"Neverwinter Nights 2"	16	11814
"Red Dead Redemption"	16	11830
"The Banner Saga"	16	11846
"Age of Empires II HD"	15	11861
"Chivalry: Medieval Warfare"	15	11876
"Darksiders 2"	15	11891
"Far Cry"	15	11906
"Metro: Last Light"	15	11921
"Portal"	15	11936
"Assetto Corsa"	14	11950
"Bioshock"	14	11964
"Quizduell"	14	11978
"Rocksmith 2014"	14	11992
"Sleeping Dogs"	14	12006
"The Long Dark"	14	12020
"WWE 2k15"	14	12034
"Wolfenstein"	14	12048
"Grand Theft Auto: San Andreas"	14	12062
"Planetary Annihilation"	14	12076
"Spec Ops: The Line"	14	12090
"(???) Battlefield"	13	12103
"(???) Pokémon"	13	12116
2048	13	12129
"Alan Wake"	13	12142
"Assassin's Creed: Revelations"	13	12155
"BattleBlock Theater"	13	12168
"Crysis 3"	13	12181
"Dungeon of the Endless"	13	12194
"Empire: Total War"	13	12207
"Grand Theft Auto"	13	12220
"Grid Autosport"	13	12233
"Half-Life"	13	12246
"LEGO Batman 3: Beyond Gotham"	13	12259
"Legend of Grimrock 2"	13	12272
"Metal Gear Rising: Revengeance"	13	12285
"Pflanzen gegen Zombies"	13	12298
"Risk of Rain"	13	12311
"The Simpsons: Springfield"	13	12324
"Max Payne 3"	13	12337
"Bayonetta"	12	12349
"Deponia"	12	12361
"Der Herr der Ringe Online"	12	12373
"Far Cry 3: Blood Dragon"	12	12385
"Gran Turismo 6"	12	12397
"Hearts of Iron III"	12	12409
"Kingdom hearts 2.5 HD Remix"	12	12421
"LEGO Marvel Super Heroes"	12	12433
"Madden NFL 15"	12	12445
"Rayman Legends"	12	12457
"Saints Row: The Third"	12	12469
"Sid Meier's Civilization IV"	12	12481
"Sins of a Solar Empire"	12	12493
"Smite"	12	12505
"Far Cry 2"	12	12517
"Never Alone"	12	12529
"Tropico 5"	12	12541
"(???) X-Com"	11	12552
"Baldur's Gate"	11	12563
"Call of Duty 4: Modern Warfare"	11	12574
"Child of Light"	11	12585
"Command and Conquer 3: Tiberium Wars"	11	12596
"Dungeons & Dragons: Neverwinter"	11	12607
"Endless Space"	11	12618
"Fantasy Life"	11	12629
"LittleBigPlanet 3"	11	12640
"Mafia II"	11	12651
"Metro 2033"	11	12662
"Spintires"	11	12673
"Starbound"	11	12684
"Tom Clancy's Splinter Cell: Blacklist"	11	12695
"Tropico 4"	11	12706
"XCOM: Enemy Within"	11	12717
"Solitär"	11	12728
"A Bird Story"	10	12738
"Assassin's Creed: Brotherhood"	10	12748
"Baldur's Gate 2: Schatten von Amn"	10	12758
"Brothers: A Tale of Two Sons"	10	12768
"Call of Duty: Modern Warfare 3"	10	12778
"Day of Defeat: Source"	10	12788
"Gothic"	10	12798
"Monument Valley"	10	12808
"Rise of Nations"	10	12818
"Star Wars: Knights of the Old Republic"	10	12828
"The Elder Scrolls III: Morrowind"	10	12838
"The Elder Scrolls IV: Oblivion"	10	12848
"Plague Inc."	10	12858
"Alice: Madness Returns"	9	12867
"Das Schwarze Auge: Blackguards"	9	12876
"Dead Island: Epidemic"	9	12885
"Demon's Souls"	9	12894
"Dreamfall Chapters: The Longest Journey"	9	12903
"FIFA 13"	9	12912
"Hotline Miami"	9	12921
"Nosgoth"	9	12930
"Outlast (GOG)"	9	12939
"Red Faction: Guerrilla"	9	12948
"Rust"	9	12957
"Torchlight II"	9	12966
"Worms: Battlegrounds"	9	12975
"LIMBO"	9	12984
"Murdered: Soul Suspect"	9	12993
"Neverwinter Nights"	9	13002
"Next Car Game: Wreckfest"	9	13011
"Stronghold Crusader 2"	9	13020
"The Stanley Parable"	9	13029
"Worms"	9	13038
"(???) SimCity"	8	13046
"Castlevania: Lords of Shadow"	8	13054
"Crysis"	8	13062
"Dead State"	8	13070
"Emergency 5"	8	13078
"Gauntlet"	8	13086
"NBA 2K14"	8	13094
"Quake Live"	8	13102
"Rift"	8	13110
"Risen"	8	13118
"S.T.A.L.K.E.R.: Shadow of Chernobyl"	8	13126
"Styx: Master of Shadows"	8	13134
"The Legend of Zelda: A Link between Worlds"	8	13142
"Defense Grid 2"	8	13150
"How to Survive"	8	13158
"Killzone: Shadow Fall"	8	13166
"Mortal Kombat (2011)"	8	13174
"Pflanzen gegen Zombies 2"	8	13182
"Robocraft"	8	13190
"Star Wars: Empire at War"	8	13198
"Super Mario 3D Land"	8	13206
"Worms Armageddon"	8	13214
"Age of Wonders III"	7	13221
"Boom Beach"	7	13228
"Call of Duty: Black Ops"	7	13235
"Deus Ex"	7	13242
"Diablo II"	7	13249
"F1 2014"	7	13256
"Final Fantasy X HD Remaster"	7	13263
"Halo 3"	7	13270
"Life is Feudal"	7	13277
"NHL 15"	7	13284
"Napoleon: Total War"	7	13291
"Need for Speed: Rivals"	7	13298
"Panzer Corps: Wehrmacht"	7	13305
"Plague Inc: Evolved"	7	13312
"Rage"	7	13319
"Risen 2: Dark Waters"	7	13326
"Rogue Legacy"	7	13333
"Train Simulator 2015"	7	13340
"Trine"	7	13347
"BioShock 2"	7	13354
"Halo 4"	7	13361
"Magicka"	7	13368
"Medieval II: Total War"	7	13375
"Shadowrun Returns"	7	13382
"Tera Online"	7	13389
"Trials: Fusion"	7	13396
"Audiosurf: Ride Your Music"	7	13403
"Broforce"	7	13410
"Pinball FX2"	7	13417
"(???) Mass Effect Trilogy"	6	13423
"Banner Saga"	6	13429
"Battlefield 2"	6	13435
"Castlevania: Lords of Shadow 2"	6	13441
"Dynasty Warriors 8"	6	13447
"Europa Universalis"	6	13453
"Final Fantasy"	6	13459
"Halo: Spartan Assault"	6	13465
"L.A. Noire"	6	13471
"Legend of Grimrock"	6	13477
"Lichdom: Battlemage"	6	13483
"Need for Speed: Most Wanted (Origin)"	6	13489
"Remeber Me"	6	13495
"Rome: Total War"	6	13501
"Shadow Warrior (2013)"	6	13507
"Shadowrun: Dragonfall"	6	13513
"Shin Megami Tensei: Persona 4"	6	13519
"The Book of Unwritten Tales"	6	13525
"The Secret World"	6	13531
"TrackMania 2"	6	13537
"WildStar"	6	13543
"Awesomenauts"	6	13549
"Batman: Arkham Asylum"	6	13555
"Castle Crashers"	6	13561
"Craft The World"	6	13567
"Crysis 2"	6	13573
"Democracy 3"	6	13579
"Dragon's Dogma"	6	13585
"Emergency 4"	6	13591
"Forza Motorsport 4"	6	13597
"Game Dev Tycoon"	6	13603
"Hill Climb Racing"	6	13609
"Kingdoms of Amalur: Reckoning"	6	13615
"Lara Croft and the Guardian of Light"	6	13621
"Loadout"	6	13627
"Ni No Kuni"	6	13633
"Sniper Elite 3"	6	13639
"SimCity 4"	6	13645
"(???) The Legend of Zelda"	5	13650
"Age of Empires III"	5	13655
"Aliens: Colonial Marines"	5	13660
"Beyond: Two Souls"	5	13665
"Darksiders"	5	13670
"Dawn of War II"	5	13675
"Defiance"	5	13680
"Factorio"	5	13685
"Fallout 2"	5	13690
"Firefall"	5	13695
"GODUS"	5	13700
"Heroes & Generals"	5	13705
"Icewind Dale: Enhanced Edition"	5	13710
"Kingdom Hearts"	5	13715
"LEGO Der Herr der Ringe"	5	13720
"Lara Croft und der Tempel des Osiris"	5	13725
"Left 4 Dead"	5	13730
"Metal Gear Solid"	5	13735
"Orcs Must Die! 2"	5	13740
"S.T.A.L.K.E.R.: Call of Pripyat"	5	13745
"The Legend of Zelda: The Wind Waker"	5	13750
"Ultra Street Fighter IV"	5	13755
"Victoria II"	5	13760
"Worms: Revolution"	5	13765
"X3: Terran Conflict"	5	13770
"Xenonauts"	5	13775
"(???) Civilization"	5	13780
"(???) Mario Kart"	5	13785
"Bastion"	5	13790
"Beyond Good & Evil"	5	13795
"Brütal Legend"	5	13800
"DCS: A-10C Warthog - Digital Combat Simulator"	5	13805
"Dead Island: Riptide"	5	13810
"Die Siedler 7"	5	13815
"Die Sims 3"	5	13820
"Disney Infinity: 2.0 Edition"	5	13825
"Dust: An Elysian Tail"	5	13830
"Fallout"	5	13835
"Final Fantasy VII"	5	13840
"Fire Emblem: Awakening"	5	13845
"Gears of War 3"	5	13850
"Geometry Wars 3: Dimensions"	5	13855
"Heroes of Might and Magic V"	5	13860
"Mario Kart 7"	5	13865
"Mark of the Ninja"	5	13870
"Project CARS"	5	13875
"Quake III Arena"	5	13880
"Resident Evil: Revelations"	5	13885
"Saints Row 2"	5	13890
"Sanctum 2"	5	13895
"Shovel Knight"	5	13900
"Sonic & All-Stars Racing Transformed"	5	13905
"Speedrunners"	5	13910
"Star Wars: Battlefront II"	5	13915
"Star Wars: Commander"	5	13920
"Stronghold Crusader"	5	13925
"Supreme Commander: Forged Alliance"	5	13930
"Tropico 3"	5	13935
"Vampire the Masquerade: Bloodlines"	5	13940
"(???) Batman"	5	13945
"Bulletstorm"	5	13950
"Burnout Paradise"	5	13955
"Fussball Manager 13"	5	13960
"Knack"	5	13965
"The Legend of Zelda: Ocarina of Time"	5	13970
"Need For Speed"	5	13975
"Age of Mythology (Extended Edition)"	4	13979
"Aion"	4	13983
"Angry Birds"	4	13987
"Antichamber"	4	13991
"Deadpool"	4	13995
"Devil May Cry"	4	13999
"Dungeon Keeper 2"	4	14003
"Fussball Manager 12"	4	14007
"Hard Reset (Extended Edition)"	4	14011
"Hearts of Iron II"	4	14015
"Ingress"	4	14019
"Lords of Xulima"	4	14023
"Metal Gear Solid 2: Sons of Liberty"	4	14027
"Metal Gear Solid 5: Ground Zeroes"	4	14031
"Natural Selection 2"	4	14035
"Osu!"	4	14039
"PayDay"	4	14043
"Pokémon: Silberne Edition"	4	14047
"Race Driver: GRID"	4	14051
"Sniper Elite V2"	4	14055
"Super Hexagon"	4	14059
"Super Mario World"	4	14063
"The Witcher Adventure Game"	4	14067
"Threes!"	4	14071
"Tom Clancy's Ghost Recon: Phantoms"	4	14075
"Uncharted 3"	4	14079
"Wargame: Red Dragon"	4	14083
"(???) Divinity"	4	14087
"Age of Empires"	4	14091
"Animal Crossing: New Leaf"	4	14095
"Call of Juarez"	4	14099
"Command & Conquer"	4	14103
"Command & Conquer: Generals"	4	14107
"Cytus"	4	14111
"Das Schwarze Auge: Drakensang"	4	14115
"Dead Space"	4	14119
"Deadly Premonition"	4	14123
"Dirt 3"	4	14127
"Duke Nukem Forever"	4	14131
"Dungeon Keeper"	4	14135
"Euro Truck Simulator"	4	14139
"F1 2013"	4	14143
"FIFA World"	4	14147
"Final Fantasy X"	4	14151
"Forza Horizon"	4	14155
"Gears of War"	4	14159
"Icewind Dale"	4	14163
"Killer Instinct"	4	14167
"Marvel Puzzle Quest: Dark Reign"	4	14171
"Minesweeper"	4	14175
"Monster Hunter 3 Ultimate"	4	14179
"Need for Speed: Hot Pursuit"	4	14183
"Payday: The Heist"	4	14187
"Plague Inc. Evolved"	4	14191
"Rayman Origins"	4	14195
"Return to Castle Wolfenstein"	4	14199
"Serious Sam 3: BFE"	4	14203
"Sherlock Holmes and the Hound of Baskervilles"	4	14207
"The Cat Lady"	4	14211
"The Simpsons: Tapped Out"	4	14215
"Transistor"	4	14219
"Trine 2"	4	14223
"Unturned"	4	14227
"(???) South Park"	4	14231
"Beat Hazard"	4	14235
"Blur"	4	14239
"Candy Crush Saga"	4	14243
"Frozen Synapse"	4	14247
"Master of Orion II: Battle at Antares"	4	14251
"Medal of Honor: Warfighter"	4	14255
"Monaco: What's Yours is Mine"	4	14259
"Nuclear Throne"	4	14263
"RaceRoom Racing Experience"	4	14267
"Resident Evil: Darkside Chronicles"	4	14271
"Supreme Commander 2"	4	14275
"To the Moon"	4	14279
"Verdun"	4	14283
"WWE 2k14"	4	14287
"Warhammer 40,000: Space Marine"	4	14291
"Bravely Default"	4	14295
"Candy Crush"	4	14299
"I am Bread"	4	14303
"New Super Mario Bros. U"	4	14307
"(???) Forza"	3	14310
"Age of Mythology"	3	14313
"Anno 1701"	3	14316
"Asphalt 8: Airborne"	3	14319
"Battlefield Heroes"	3	14322
"Call of Duty 2"	3	14325
"Defense Grid: The Awakening"	3	14328
"Deponia: The Complete Journey"	3	14331
"Duke Nukem 3D"	3	14334
"Dungeon Defenders II"	3	14337
"Final Fantasy XIII-2"	3	14340
"Guacamelee!"	3	14343
"Jagged Alliance: Back in Action"	3	14346
"LEGO Star Wars"	3	14349
"LEGO: Der Hobbit"	3	14352
"LYNE"	3	14355
"LittleBigPlanet"	3	14358
"Magic 2015 - Duels of the Planeswalkers"	3	14361
"Microsoft Flight Simulator X"	3	14364
"NHL 14"	3	14367
"OpenTTD"	3	14370
"Persona Q: Shadow of the Labyrinth"	3	14373
"Pro Evolution Soccer 2013"	3	14376
"R.U.S.E."	3	14379
"Shakes and Fidget"	3	14382
"Space Run"	3	14385
"Star Made"	3	14388
"Starpoint Gemini 2"	3	14391
"Tekken Tag Tournament 2"	3	14394
"The Legend of Zelda: A Link to the Past"	3	14397
"The Saboteur"	3	14400
"TransOcean: The Shipping Company"	3	14403
"Tron 2.0"	3	14406
"Wolfenstein: Enemy Territory"	3	14409
"X-Plane 10"	3	14412
"(???) Professor Layton"	3	14415
"Assassins Creed Unity"	3	14418
"Aura Kingdom"	3	14421
"BloodRayne"	3	14424
"Broken Age"	3	14427
"Candy Crush Soda Saga"	3	14430
"Die Siedler Online"	3	14433
"Dungeon Defenders"	3	14436
"FIFA 12"	3	14439
"Five Nights at Freddy's"	3	14442
"Galactic Civilizations III"	3	14445
"Gears of War 2"	3	14448
"Grand Theft Auto III"	3	14451
"Guns of Icarus Online"	3	14454
"Jazzpunk"	3	14457
"LEGO Batman 2"	3	14460
"Mario Kart Wii"	3	14463
"Max Payne"	3	14466
"Max Payne 2: The Fall of Max Payne"	3	14469
"Memoria"	3	14472
"Men of War: Assault Squad 2"	3	14475
"Mini Metro"	3	14478
"One Finger Death Punch"	3	14481
"Project Zomboid"	3	14484
"Runescape"	3	14487
"Secret of Mana"	3	14490
"Serious Sam HD: The First Encounter"	3	14493
"Sherlock Holmes: Crimes and Punishments"	3	14496
"Spelunky"	3	14499
"Stonehearth"	3	14502
"Survarium"	3	14505
"System Shock 2"	3	14508
"Tom Clancy's Splinter Cell: Conviction"	3	14511
"Tomb Raider: Definitive Edition"	3	14514
"Ultima Online"	3	14517
"(???) Uncharted"	3	14520
"(???) ufc"	3	14523
"Baldur's Gate: Enhanced Edition"	3	14526
"Bloons Tower Defense 5"	3	14529
"Dawn of War"	3	14532
"Dead Space 2"	3	14535
"Diablo"	3	14538
"Die Siedler III"	3	14541
"Die Sims 2"	3	14544
"Fez"	3	14547
"Geometry Dash"	3	14550
"Grand Theft Auto: Vice City"	3	14553
"Hammerwatch"	3	14556
"Helden von Camelot"	3	14559
"Heroes of Might and Magic III: The Restoration"	3	14562
"Infestation"	3	14565
"RESOGUN"	3	14568
"RETRY"	3	14571
"Sim City (2013)"	3	14574
"Spore"	3	14577
"Stronghold"	3	14580
"Tales of Xillia 2"	3	14583
"Terra Battle"	3	14586
"The Book of Unwritten Tales 2"	3	14589
"The Darkness II"	3	14592
"The Legend Of Zelda: Skyward Sword"	3	14595
"Uncharted 2: Among Thieves"	3	14598
"Vindictus"	3	14601
"Always Sometimes Monsters"	3	14604
"Audiosurf 2"	3	14607
"Blood Bowl"	3	14610
"Dirt 2"	3	14613
"Freelancer"	3	14616
"Geheimakte 3"	3	14619
"Minimum"	3	14622
"Race The Sun"	3	14625
"Starcraft"	3	14628
"Super Meat Boy"	3	14631
"Super Smash Bros. Melee"	3	14634
"Warhammer 40,000: Armageddon"	3	14637
"Spider Solitaire"	3	14640
"Stick Hero"	3	14643
"(???) Bayonetta 1+2"	2	14645
"(???) Metro"	2	14647
"APB: Reloaded"	2	14649
"Alpha Protocol"	2	14651
"Back to the Future: The Game"	2	14653
"Battlefield 1942"	2	14655
"Bedlam"	2	14657
"Blood 2"	2	14659
"Castle Clash"	2	14661
"DC Universe Online"	2	14663
"DCS: A-10C Warthog - Digital Combat Simulato"	2	14665
"Das Schwarze Auge: Demonicon"	2	14667
"DeadCore"	2	14669
"Deadfall Adventures"	2	14671
"Depth"	2	14673
"Der Herr der Ringe: Der Krieg im Norden"	2	14675
"Dofus"	2	14677
"Dogfight 1942"	2	14679
"Dragon Age. Inquisition"	2	14681
"Drakensang Online"	2	14683
"Driver: San Francisco"	2	14685
"Dwarf Fortress"	2	14687
"Eador: Genesis"	2	14689
"EverQuest II"	2	14691
"Expeditions: Conquistador"	2	14693
"Final Fantasy VIII"	2	14695
"Fistful of Frags"	2	14697
"FlatOut 2"	2	14699
"Gran Turismo 5"	2	14701
"Hawken"	2	14703
"Hay Day"	2	14705
"Heroes of Dragon Age"	2	14707
"Hidden & Dangerous 2"	2	14709
"Just Cause"	2	14711
"King's Bounty: Warriors of the North"	2	14713
"Knights of Honor"	2	14715
"Last Chaos"	2	14717
"Life is Feudal: Your Own"	2	14719
"Lost Horizon"	2	14721
"Lufia"	2	14723
"Machinarium"	2	14725
"Magic 2014: Duels of the Planeswalkers"	2	14727
"Magicite"	2	14729
"Might & Magic: Clash of Heroes"	2	14731
"Mountain"	2	14733
"OMSI 2"	2	14735
"Octodad: Dadliest Catch"	2	14737
"Primal Carnage: Extinction"	2	14739
"Pure Pool"	2	14741
"Red Orchestra: Ostfront 41-45"	2	14743
"Resident Evil 4"	2	14745
"Resonance"	2	14747
"Runes of Magic"	2	14749
"S.T.A.L.K.E.R.: Clear Sky"	2	14751
"Sherlock Holmes and the Hound of Baskerville"	2	14753
"ShootMania"	2	14755
"Sid Meier's Civilization II"	2	14757
"Star Wars: Force Collection"	2	14759
"Super Smash Bros. Brawl"	2	14761
"The Swapper"	2	14763
"Tiny Troopers"	2	14765
"Total War Battles: Kingdom"	2	14767
"Total War: Shogun"	2	14769
"Trackmania Nations Forever"	2	14771
"Trove"	2	14773
"War in the Pacific"	2	14775
"Wings of Vi"	2	14777
"Yakuza 4"	2	14779
"iRacing.com"	2	14781
"(???) Halo 1-4"	2	14783
"A New Beginning"	2	14785
"Anno Online"	2	14787
"Arcanum: Von Dampfmaschinen und Magie"	2	14789
"ArcheBlade"	2	14791
"Bad Piggies"	2	14793
"Bejeweled 3"	2	14795
"Carcassonne"	2	14797
"Cave Story+"	2	14799
"Champions Online"	2	14801
"Dark Souls - Prepare to Die Edition"	2	14803
"Dead Space 3"	2	14805
"Der Herr der Ringe: Die Schlacht um Mittelerde"	2	14807
"Dino D-Day"	2	14809
"Divinity 2: Ego Draconis"	2	14811
"DuckTales: Remastered"	2	14813
"Dungeon Siege II"	2	14815
"Dungeon Siege III"	2	14817
"Dungeons of Dredmor"	2	14819
"Dustforce"	2	14821
"Edna bricht aus"	2	14823
"Emergency 2014"	2	14825
"Enemy Front"	2	14827
"Europa Universalis III"	2	14829
"Evolve"	2	14831
"Fussball Manager 14"	2	14833
"Geheimakte Tunguska"	2	14835
"Halo: Reach"	2	14837
"Hatsune Miku: Project Diva F 2nd"	2	14839
"Jade Empire"	2	14841
"Jagged Alliance 2"	2	14843
"Kantai Collection"	2	14845
"Killer is Dead"	2	14847
"LEGO Batman: The Videogame"	2	14849
"Legacy of Kain: Soul Reaver"	2	14851
"Live for Speed"	2	14853
"MLB 14 The Show"	2	14855
"Mad Games Tycoon"	2	14857
"Mercenary Kings"	2	14859
"NBA 2K13"	2	14861
"Naruto Shippuden: Ultimate Ninja Storm Revolution"	2	14863
"Need for Speed World"	2	14865
"Nickelodeon's The Legend of Korra"	2	14867
"No More Room In Hell"	2	14869
"Painkiller"	2	14871
"Peggle"	2	14873
"Persona 4: The Ultimax Ultra Suplex Hold"	2	14875
"Pool Nation"	2	14877
"Ragnarok Online (20 Tage kostenlos)"	2	14879
"Reflex"	2	14881
"Resident Evil 6"	2	14883
"Rise of the Triad"	2	14885
"RollerCoaster Tycoon 2"	2	14887
"S4 League"	2	14889
"Sid Meier's Railroad Tycoon"	2	14891
"Sonic Generations"	2	14893
"Space Hulk: Ascension Edition"	2	14895
"SpaceChem"	2	14897
"TRI: Of Friendship and Madness"	2	14899
"Tesla Effect: A Tex Murphy Adventure"	2	14901
"The Incredible Adventures of Van Helsing"	2	14903
"The Longest Journey"	2	14905
"TheHunter"	2	14907
"Tiny and Big: Grandpa's Leftovers"	2	14909
"Titan Quest"	2	14911
"Tomodachi Life"	2	14913
"Unreal Tournament 2004"	2	14915
"Virtue's Last Reward"	2	14917
"WAKFU"	2	14919
"WRC 4 FIA World Rally Championship"	2	14921
"Warhammer 40,000: Dawn of War II"	2	14923
"World in Conflict"	2	14925
"World of Guns: Gun Disassembly"	2	14927
"X: Rebirth"	2	14929
"(???) Battlefield 3/4"	2	14931
"(???) Gran Turismo"	2	14933
"(???) Rayman"	2	14935
"(???) Tome"	2	14937
"100% Orange Juice"	2	14939
"Airline Tycoon"	2	14941
"Amnesia: A Machine for Pigs"	2	14943
"Anno 1602: Erschaffung einer neuen Welt"	2	14945
"AquaNox 2: Revelation"	2	14947
"Call of Duty: World at War"	2	14949
"Command & Conquer: Alarmstufe Rot 3"	2	14951
"Contagion"	2	14953
"Curve Fever"	2	14955
"Cut The Rope 2"	2	14957
"Day of Defeat"	2	14959
"Dead Rising"	2	14961
"Die Stämme"	2	14963
"Dirt: Showdown"	2	14965
"Distant Worlds"	2	14967
"Downfall"	2	14969
"Elder Sign: Omens"	2	14971
"Fußball Manager 13"	2	14973
"Hero Siege"	2	14975
"Herrscher des Olymp – Zeus"	2	14977
"Hex: Shards of Fate"	2	14979
"Hitman: Contracts"	2	14981
"Journey"	2	14983
"Kingdom Come: Deliverance"	2	14985
"Kingdom Hearts 1.5 HD Remix"	2	14987
"Kingdom Rush"	2	14989
"Landwirtschafts-Simulator 2013"	2	14991
"Landwirtschafts-Simulator 2014"	2	14993
"Lightning Returns: Final Fantasy XIII"	2	14995
"Maniac Mansion"	2	14997
"Mashed"	2	14999
"Metal Gear Solid 4: Guns of the Patriots"	2	15001
"Metro: Last Light Redux"	2	15003
"Monster Hunter Freedom Unite"	2	15005
"Need for Speed: Brennender Asphalt"	2	15007
"Need for Speed: Most Wanted"	2	15009
"Ogame"	2	15011
"Pixel Dungeon"	2	15013
"Pokémon: Feuerrote Edition"	2	15015
"Pokémon: Silberne Edition SoulSilver"	2	15017
"Port Royale 3"	2	15019
"Psychonauts"	2	15021
"Race 07: Official WTCC Game"	2	15023
"Randal's Monday"	2	15025
"Red Faction: Armageddon"	2	15027
"RollerCoaster Tycoon"	2	15029
"Runaway: A Road Adventure"	2	15031
"SWAT 3"	2	15033
"Sacred"	2	15035
"Sanctum"	2	15037
"Shroud of the Avatar: Forsaken Virtues"	2	15039
"Sid Meier's Civilization IV: Colonization"	2	15041
"Silent Hunter 5: Battle of the Atlantic"	2	15043
"Split Second: Velocity"	2	15045
"Star Wars: TIE Fighter"	2	15047
"SteamWorld Dig"	2	15049
"Subway Surfer"	2	15051
"Sunrider"	2	15053
"Super Mario Galaxy"	2	15055
"Super Street Fighter IV"	2	15057
"Surgeon Simulator 2013"	2	15059
"TOME: Immortal Arena"	2	15061
"Tales of Symphonia"	2	15063
"The Cave"	2	15065
"Tony Hawk's Pro Skater HD"	2	15067
"TowerFall Ascension"	2	15069
"Transport Tycoon"	2	15071
"Warface"	2	15073
"Wii Party U"	2	15075
"Z"	2	15077
"inFamous 2"	2	15079
"(???) Schach"	2	15081
"(???) Worms 3"	2	15083
"A Game of Dwarves"	2	15085
"Battle Island"	2	15087
"Ceasar IV"	2	15089
"Creeper World 3 - Knuckle Cracker"	2	15091
"Darkness Within: In Pursuit of Loath No"	2	15093
"FORCED"	2	15095
"Family Guy: Mission Sachensuche"	2	15097
"God of War"	2	15099
"Gunpoint"	2	15101
"Happy Wheels"	2	15103
"Heroes of Might and Magic III: The Rest"	2	15105
"Hyperdimension Neptunia"	2	15107
"InFamous: First Light"	2	15109
"Infinity Wars"	2	15111
"MotoGP 14"	2	15113
"Need for Speed: The Run"	2	15115
"Pikmin 3"	2	15117
"Postal 2"	2	15119
"Resident Evil 5"	2	15121
"RollerCoaster Tycoon 3"	2	15123
"Senran Kagura Shinovi Versus"	2	15125
"Sid Meier's Pirates!"	2	15127
"Sir, you are being hunted"	2	15129
"Small World"	2	15131
"Star Wars Jedi Knight: Jedi Academy"	2	15133
"Streetpass Mii-Lobby"	2	15135
"Tetris"	2	15137
"The Lost Vikings"	2	15139
"The Pinball Arcade"	2	15141
"Tomb Raider: Anniversary"	2	15143
"TrackMania"	2	15145
"Vector Thrust"	2	15147
"Worms: Ultimate Mayhem"	2	15149
"rFactor"	2	15151
"skate 3"	2	15153
"(???) Anno"	2	15155
"Ace of Spades"	2	15157
"Age of Empires: Castle Siege"	2	15159
"Dark Project: Der Meisterdieb"	2	15161
"Defender's Quest: Valley of the Forgotten"	2	15163
"Empire Earth"	2	15165
"Hexcells Infinite"	2	15167
"Need For Speed: Carbon"	2	15169
"Quake"	2	15171
"Quake 4"	2	15173
"Sniper Elite: Nazi Zombie Army 2"	2	15175
"Warhammer 40,000: Dawn of War"	2	15177
"(???) Alien"	1	15178
"(???) Baldur's Gate 1+2"	1	15179
"(???) Deponia 1-3"	1	15180
"(???) Deponia-Serie"	1	15181
"(???) Doto.2"	1	15182
"(???) Dragon Age 1 - 3"	1	15183
"(???) Dragon Age alle Teile"	1	15184
"(???) Dragon AgeO"	1	15185
"(???) Evoker"	1	15186
"(???) Farming Simulator"	1	15187
"(???) Jurassic Park"	1	15188
"(???) Landwirtschaft Simulator"	1	15189
"(???) Landwirtschaftssimulator"	1	15190
"(???) Magna Carta"	1	15191
"(???) Mass Effect 2+3"	1	15192
"(???) Professor Layton Reihe"	1	15193
"(???) Professor Layton und die Maske des Sch"	1	15194
"(???) SSB"	1	15195
"(???) Silent Hill"	1	15196
"(???) Star Wars"	1	15197
"(???) The Chronicles of Riddick"	1	15198
"(???) fifa 14/15"	1	15199
"Ace Combat: Infinity"	1	15200
"Act of War: Direct Action"	1	15201
"Action Henk"	1	15202
"Adventure Town"	1	15203
"Age Of Wonders"	1	15204
"Arena : Cyber Evolution"	1	15205
"ArmA: Armed Assault"	1	15206
"Army of Two"	1	15207
"Assassin's Creed Unity"	1	15208
"Baphomets Fluch (1996)"	1	15209
"Battle Realms"	1	15210
"Battlefield: Bad Company"	1	15211
"Bike Rivals"	1	15212
"Blacklight Retribution"	1	15213
"Book of unwritten Tales"	1	15214
"Castlevania: Lords of Shadow – Mirror of F"	1	15215
"Circuits"	1	15216
"Civ. Beyond Earth"	1	15217
"Cognition: An Erica Reed Thriller"	1	15218
"Combat Arms"	1	15219
"Command & Conquer: Tiberium Alliances"	1	15220
"CosmicBreak"	1	15221
"Costume Quest"	1	15222
"Crazy Taxi"	1	15223
"Danganronpa"	1	15224
"Dark Chronicle"	1	15225
"Das Schwarze Auge: Satinavs Ketten"	1	15226
"Deadlight"	1	15227
"Deponia - the Complete Journey"	1	15228
"Der Herr der Ringe: Die Schlacht um Mitteler"	1	15229
"Desperados: Wanted Dead or Alive"	1	15230
"Despicable Me: Minion Rush"	1	15231
"Doodle Jump"	1	15232
"Doppelkopf"	1	15233
"Driftmoon"	1	15234
"Dungeon Village"	1	15235
"Eschalon"	1	15236
"F.E.A.R. 3"	1	15237
"Far cry 4"	1	15238
"Façade"	1	15239
"Final Fantasy III"	1	15240
"Forge of Empires"	1	15241
"Freecol"	1	15242
"Galaxy on Fire"	1	15243
"Gang Beasts"	1	15244
"Gas Guzzlers Extreme"	1	15245
"Giana Sisters: Twisted Dreams (Limited Editi"	1	15246
"Half-Life: Source"	1	15247
"Heavy Rain"	1	15248
"Hellgate: London"	1	15249
"Heroes of Newerth"	1	15250
"Hitman"	1	15251
"Homefront"	1	15252
"Kenshi"	1	15253
"Kingdom Hearts II"	1	15254
"Kingdom Hearts II HD"	1	15255
"Kingdom of Loathing"	1	15256
"Luigi's Mansion 2"	1	15257
"Metal Gear Solid 3: Snake Eater"	1	15258
"Might & Magic Duel of Champions"	1	15259
"Might & Magic: Heroes 6"	1	15260
"Might and Magic Heroes VI"	1	15261
"Mystery Case Files: Dire Grove, Sacred Grove"	1	15262
"Need for Speed: Shift"	1	15263
"Obscure II"	1	15264
"Oddworld: Abe's Oddysee"	1	15265
"Playstation Home"	1	15266
"Pokémon: Gelbe Edition - Special Pikachu Ed"	1	15267
"Pokémon: Schwarze Edition"	1	15268
"Primordia"	1	15269
"Prince of Persia: The Sands of Time"	1	15270
"Samurai Warriors 4"	1	15271
"Severance: Blade of Darkness"	1	15272
"Sid Meier's Civilization III"	1	15273
"Sideswiped"	1	15274
"SolForge"	1	15275
"Star Wars: Knights of the Old Republic II -"	1	15276
"Stargate: Resistance"	1	15277
"Stonekeep"	1	15278
"Strider"	1	15279
"Suikoden"	1	15280
"Super Smash Bros Wii U"	1	15281
"Tales of Innocence R"	1	15282
"Tales of hearts r"	1	15283
"Teeworlds"	1	15284
"Temple Run 2"	1	15285
"The Last Of Us: Factions"	1	15286
"The Legend of Zelda: Oracle of Ages"	1	15287
"The Talos Principle"	1	15288
"The Witcher 2"	1	15289
"Tom Clancy's Ghost Recon"	1	15290
"Tony Hawk's Pro Skater 3"	1	15291
"Trials: Frontier"	1	15292
"Virtua Tennis 4"	1	15293
"WET"	1	15294
"XStoryPlayer 3.0"	1	15295
"guitar hero 6"	1	15296
"the crew"	1	15297
"the walking dead telltall"	1	15298
"(???) Assassin's Creed 4: Unity"	1	15299
"(???) Avatar"	1	15300
"(???) Battlefield: Modern Warfacre"	1	15301
"(???) Die Sims 2 / 3"	1	15302
"(???) F.E.A.R. 1, 2 & 3"	1	15303
"(???) Farcry alle Teile"	1	15304
"(???) Football Manager"	1	15305
"(???) Fußball Manager"	1	15306
"(???) Lego Harry Potter 5-7"	1	15307
"(???) Mario Party"	1	15308
"(???) Marvell Heroes"	1	15309
"(???) Portal 1/2"	1	15310
"(???) Pro Evolution Soccer"	1	15311
"(???) Simpsons"	1	15312
"(???) Smash Bros. Brawl for Wii U"	1	15313
"(???) Sniper Elite 3 + die 2 Zombie-Army Teile"	1	15314
"(???) The Endless"	1	15315
"(???) The GReat Giana Sisters Twisted Dreams"	1	15316
"(???) civ 6"	1	15317
"(???) diverse iPhone"	1	15318
"(???) naruto ultimate ninja storm"	1	15319
"(???) phoenix Wright Reihe"	1	15320
"0 A.D."	1	15321
"AVA - Alliance of Valiant Arms"	1	15322
"Academagia: The Making of Mages"	1	15323
"Age of Wonders II: Der Zirkel der Zauberer"	1	15324
"Alan Wake's American Nightmare"	1	15325
"Alarm für Cobra 11: Das Syndikat"	1	15326
"Alien Isolation"	1	15327
"Amazing Ninja"	1	15328
"Anarchy Reigns"	1	15329
"Anno 1503"	1	15330
"Anvil of Dawn"	1	15331
"Army of Darkness: Defense"	1	15332
"Assassin's Creed"	1	15333
"Battlefield 4/Final Stand"	1	15334
"Bejeweled"	1	15335
"Bernd Das Brot Und Die Unmöglichen"	1	15336
"Black & White 2"	1	15337
"Blackshot"	1	15338
"Bleach - Soul Resurreccion"	1	15339
"Blitz Brigade"	1	15340
"Boulder Dash"	1	15341
"Carmageddon II: Carpocalypse Now"	1	15342
"Castle story"	1	15343
"Chariot"	1	15344
"Chess (Jeroen Carolus)"	1	15345
"Civilization Beyond Earth"	1	15346
"Civilization Revolution"	1	15347
"Clicker heroes"	1	15348
"Command & Conquer: Renegade"	1	15349
"Cookie Clicker"	1	15350
"Crimson Shroud"	1	15351
"Cry of Fear"	1	15352
"Crypt of the NecroDancer"	1	15353
"Dear Esther"	1	15354
"Der Herr der Ringe: Die Schlacht um Mittelerde 2"	1	15355
"Der Puppenspieler"	1	15356
"Deus Ex: The Fall"	1	15357
"Die Siedler II"	1	15358
"Die Siedler IV"	1	15359
"Die Sielder - Das Erbe der Könige"	1	15360
"Divine Divinity"	1	15361
"Door Kickers"	1	15362
"Dragon Ball Z: Budokai Tenkaichi 2"	1	15363
"Dragon's Crown"	1	15364
"Dungeon Hunter 4"	1	15365
"Dust 514"	1	15366
"Edge of Space"	1	15367
"Elite"	1	15368
"Endless Dungeon"	1	15369
"Escape Dead Island"	1	15370
"Etrian Odyssey"	1	15371
"Falcon 4.0"	1	15372
"Farmville 2"	1	15373
"Fat Princess: Piece of Cake"	1	15374
"Fate/Stay Night"	1	15375
"Final Fantasy VI"	1	15376
"Forge Quest"	1	15377
"Fortix 2"	1	15378
"Fractured Space"	1	15379
"Frets on Fire"	1	15380
"Fußball manager 13"	1	15381
"Gangsters: Organized Crime"	1	15382
"Ghost Recon: Future Soldier"	1	15383
"Giana Sisters: Twisted Dreams (Limited Edition)"	1	15384
"Goodbye Deponia"	1	15385
"Gothic II - Die Nacht des Raben"	1	15386
"Guitar Hero"	1	15387
"Halo 2"	1	15388
"Happy Wars"	1	15389
"Heroes of Might and Magic III: The Restoration of Erathia"	1	15390
"Heroes of storm"	1	15391
"Heroine's Quest: The Herald of Ragnarok"	1	15392
"Hitman: Blood Money"	1	15393
"IL-2 Sturmovik: Battle of Stalingrad"	1	15394
"Infinite Undiscovery"	1	15395
"Jetpack Joyride"	1	15396
"Kairo"	1	15397
"Killzone 3"	1	15398
"Kingdom Rush HD"	1	15399
"LEGO Indiana Jones"	1	15400
"LEGO Movie"	1	15401
"Last of Us"	1	15402
"Lost Planet 3"	1	15403
"MXGP - The Official Motocross Videogame"	1	15404
"Madden NFL 09"	1	15405
"Madden NFL 25"	1	15406
"Medal of Honor: Allied Assault"	1	15407
"Melody's Escape"	1	15408
"Men of War: Assault Squad"	1	15409
"Metroid: Other M"	1	15410
"Mines of Mars"	1	15411
"Monkey Island 2: LeChuck's Revenge"	1	15412
"Mordheim: City of the Damned"	1	15413
"Naruto Shippuden: Ultimate Ninja Storm 3"	1	15414
"Natural Doctrine"	1	15415
"Need for Speed Underground 2"	1	15416
"Ninja Gaiden 3 Razor's Edge"	1	15417
"One Piece: Pirate Warriors"	1	15418
"One Piece: Pirate Warriors 2"	1	15419
"Operation Flashpoint: Red River"	1	15420
"Pokémon Mystery Dungeon: Erkundungsteam Himmel"	1	15421
"Pro Evolution Soccer 2014"	1	15422
"Prototype"	1	15423
"Radiant Historia"	1	15424
"Raiden III"	1	15425
"Rayman Raving Rabbids"	1	15426
"Rebuild 2"	1	15427
"Renegade-x"	1	15428
"Rise of Venice"	1	15429
"S.O.L : Stone of Life EX"	1	15430
"Scrabble (Smartphone)"	1	15431
"Scrolls"	1	15432
"Sentinel 3: Homeworld"	1	15433
"Shadow Hearts"	1	15434
"Silent Hill 2"	1	15435
"Silent Hunter 4"	1	15436
"Simcity 2000 (1994)"	1	15437
"Smugglers 5"	1	15438
"Star Conflict"	1	15439
"Star Ocean: The Last Hope"	1	15440
"Star Wars: Tiny Death Star"	1	15441
"Steins;Gate"	1	15442
"Super Mario Bros. 2"	1	15443
"TITAN ATTACKS"	1	15444
"Tales of Phantasia"	1	15445
"The Amazing Spider-Man 2"	1	15446
"The Binding of Isaac. Rebirth"	1	15447
"The Blackwell Epiphany"	1	15448
"The Blackwell Legacy"	1	15449
"The LEGO Movie Videogame"	1	15450
"The Legend of Zelda: Spirit Tracks"	1	15451
"The Secret of Monkey Island - Special Edition"	1	15452
"Tom Clancy's Ghost Recon Advanced Warfighter"	1	15453
"Tomb Raider 2"	1	15454
"Tribes: Ascend"	1	15455
"Tropico"	1	15456
"Uniwar"	1	15457
"Unreal"	1	15458
"Unreal Tournament 2003"	1	15459
"Volo Airsport"	1	15460
"Wargame: Airland Battle"	1	15461
"Warlords: Battlecry III"	1	15462
"World of Warplanes"	1	15463
"X3: Albion Prelude"	1	15464
"X: Superbox"	1	15465
"Ys Origin"	1	15466
"Yu-Gi-Oh! Worldwide Edition: Stairway to the Destined Duel"	1	15467
"diablo 3"	1	15468
"salt"	1	15469
"the evil within"	1	15470
"(???) Colin Mcrae rally"	1	15471
"(???) Deponia (Teil 2 & 3 )"	1	15472
"(???) Dragon Age Series"	1	15473
"(???) Dragon Agentur 3"	1	15474
"(???) Far Cry 3/4"	1	15475
"(???) Far Cry Reihe"	1	15476
"(???) Flash spiele auf kongregate.com und armo"	1	15477
"(???) Kotor 1 & 2"	1	15478
"(???) LS Simulator 2013"	1	15479
"(???) Madden"	1	15480
"(???) Mass Effect Reihe"	1	15481
"(???) Max"	1	15482
"(???) Metal Gear Solid HD Collection"	1	15483
"(???) Middle-earth"	1	15484
"(???) Omnibus 2"	1	15485
"(???) PanzerGeneral"	1	15486
"(???) Picross"	1	15487
"(???) Pro Evolution Soccer 200x"	1	15488
"(???) Prof layton"	1	15489
"(???) SC:BL"	1	15490
"(???) Skylanders"	1	15491
"(???) Titan"	1	15492
"(???) Trials"	1	15493
"(???) Wice star"	1	15494
"(???) Wing Commander"	1	15495
"(???) X-Plane"	1	15496
"(???) oculus rift demos"	1	15497
"(???) viele Indie-Puzzle/Adventure-Spiele"	1	15498
"Age of Chivalry"	1	15499
"Airline Tycoon 2"	1	15500
"Amnesia: The Dark Descent"	1	15501
"Angry Birds Rio"	1	15502
"Armed Assault 3‎"	1	15503
"Art of Balance"	1	15504
"Bang Bang Racing"	1	15505
"Blackwell Unbound"	1	15506
"Bladestorm: Der Hundertjährige Krieg"	1	15507
"Blendoku"	1	15508
"Blockstorm"	1	15509
"Bubble Witch 2 Saga"	1	15510
"Bully: Scholarship Edition"	1	15511
"Caesar III"	1	15512
"Castlestorm"	1	15513
"Ceville"	1	15514
"Chaos auf Deponia"	1	15515
"Chess 2 - The Sequel"	1	15516
"Children of Mana"	1	15517
"Cities in Motion 2"	1	15518
"Clonk Rage"	1	15519
"Command & Conquer: Tiberian Sun"	1	15520
"Crimsonland"	1	15521
"DARK"	1	15522
"Daedelus"	1	15523
"Danganronpa 2: Goodbye Despair"	1	15524
"Dark Messiah of Might and Magic"	1	15525
"Daylight"	1	15526
"Defy Gravity"	1	15527
"Delta Force: Black Hawk Down"	1	15528
"Delver"	1	15529
"Die Siedler – Aufstieg eines Königreichs"	1	15530
"Disney Infinity"	1	15531
"Doodle God"	1	15532
"Doom"	1	15533
"DotA 1"	1	15534
"Drakengard 3"	1	15535
"Drunken Robot Pornography"	1	15536
"Ducktales"	1	15537
"Dungeon Hunter 3"	1	15538
"EA Sports UFC"	1	15539
"Eador: Masters of the Broken World"	1	15540
"Emoji Quiz"	1	15541
"English Country Tune"	1	15542
"Epic Cards Battle"	1	15543
"Evoland: A Short Story of Adventure Video Game"	1	15544
"F.E.A.R. 2"	1	15545
"F1 Race Stars"	1	15546
"Fable 2"	1	15547
"Faery - Legends of Avalon"	1	15548
"Farmville Heroes"	1	15549
"Final Horizon"	1	15550
"Flight of the Amazon Queen"	1	15551
"Football Manager 2014"	1	15552
"FortressCraft Evolved!"	1	15553
"Freedom Wars"	1	15554
"From the Depth"	1	15555
"Frozen: Olaf's Quest"	1	15556
"Gabriel Knight: Sins of the Fathers"	1	15557
"Game Of Thrones Ascent"	1	15558
"Gear Up"	1	15559
"Geheimakte 2: Puritas Cordis"	1	15560
"God of War II"	1	15561
"Grim Dawn"	1	15562
"Gunman Chronicles"	1	15563
"Halo: Combat Evolved Anniversary"	1	15564
"Hazard Ops"	1	15565
"Heroes of Might and Magic 2"	1	15566
"Hexcells Plus"	1	15567
"Horizon"	1	15568
"IL-2 Sturmovik: Cliffs of Dover"	1	15569
"Invisible Inc."	1	15570
"Kentucky Road Zero"	1	15571
"King of Dragon Pass"	1	15572
"LEGO City Undercover"	1	15573
"LEGO Pirates of the Caribbean"	1	15574
"Luigi's Mansion"	1	15575
"Lux Touch"	1	15576
"Madden nfl 13"	1	15577
"MagnaCarta 2"	1	15578
"Manhunt 2"	1	15579
"Merchants of Kaidan"	1	15580
"Metal Gear Solid: Peace Walker"	1	15581
"Might & Magic VI: The Mandate of Heaven"	1	15582
"Minetest"	1	15583
"MiniDayZ"	1	15584
"Monstermind"	1	15585
"My Little Pony: Friendship Is Magic"	1	15586
"NEO Scavenger"	1	15587
"Naruto Shippuuden: Narutimate Storm Revolution"	1	15588
"Nation Red"	1	15589
"Need for Speed: The Crew"	1	15590
"Need for Speed: Underground 2"	1	15591
"New Super Luigi U"	1	15592
"NotTetris"	1	15593
"Otomaid @ Cafe"	1	15594
"Pathfinder Online"	1	15595
"Picmi"	1	15596
"Picross E4"	1	15597
"Pikmin"	1	15598
"Plants vs. Zombie"	1	15599
"Play Epic Battle Fantasy 4"	1	15600
"Pokémon: Platinum Version"	1	15601
"Prison Rape Simulator 2014"	1	15602
"Professor Layton und das Geheimnisvolle Dorf"	1	15603
"Professor Layton vs. Phoenix Wright: Ace Attor"	1	15604
"Prototype 2"	1	15605
"Quantum Conundrum"	1	15606
"Rambo: The Video Game"	1	15607
"Ratchet & Clank Future: A Crack in Time"	1	15608
"Ravaged Zombie Apocalypse"	1	15609
"ReRave"	1	15610
"Red Faction"	1	15611
"Roads of Rome 3"	1	15612
"Running with Rifles"	1	15613
"Sacred Citadel"	1	15614
"Satellite Reign"	1	15615
"Scarlet Blade"	1	15616
"Secret of Evermore"	1	15617
"Shakes & Fidget"	1	15618
"Shaun White Snowboarding"	1	15619
"Silent Hunter 3"	1	15620
"Simon the Sorcerer"	1	15621
"Singstar"	1	15622
"Skylanders Giants"	1	15623
"Sly Cooper: Thieves in Time"	1	15624
"Smash Tennis"	1	15625
"Sonic Adventure DX"	1	15626
"SpellForce 2: Demons of the Past"	1	15627
"Spin Tires"	1	15628
"Spirits"	1	15629
"Star Pirates"	1	15630
"Star Trek: Starfleet Academy"	1	15631
"Star Wars: The Force Unleashed 2"	1	15632
"State of Decay: Breakdown"	1	15633
"Strategic Command Global Conflict"	1	15634
"Street Fighter Alpha 3"	1	15635
"Super Street Fighter V"	1	15636
"Sword Art Online: Hollow Fragment"	1	15637
"Tales of Aravorn: Seasons Of The Wolf"	1	15638
"Tales of Symphonia: Dawn of the New World"	1	15639
"Tekken Tag Tournament"	1	15640
"Teleglitch: Die More Edition"	1	15641
"Terranigma"	1	15642
"The Bard's Tale"	1	15643
"The Escapist"	1	15644
"The Expandabros"	1	15645
"The G.G. Shinobi"	1	15646
"The Legend of Zelda: Majora's Mask"	1	15647
"The Organ Trail"	1	15648
"The Samaritan Paradox"	1	15649
"The Thirty-Nine Steps"	1	15650
"Theatrhythm Final Fantasy: Curtain Call"	1	15651
"Thief 4"	1	15652
"Tomb Raider: Underworld"	1	15653
"Tony Hawk's Underground 2"	1	15654
"Top Eleven"	1	15655
"Toybox Turbos"	1	15656
"Traffic Racer"	1	15657
"Triple Town"	1	15658
"Turbo Dismount"	1	15659
"Two Worlds II"	1	15660
"UFC Undisputed 3"	1	15661
"Ultimate NES Remix"	1	15662
"Unholy Heights"	1	15663
"Victim of Xen"	1	15664
"Völgarr the Viking"	1	15665
"Way of the Samurai 4"	1	15666
"Wizardry: Crusaders of the Dark Savant"	1	15667
"Worms: Clan Wars"	1	15668
"X: Beyond The Frontier"	1	15669
"XIII"	1	15670
"YGOPro DevPro"	1	15671
"der herr der ringe schlacht um mittelerde"	1	15672
"this war of mine"	1	15673
"(???) Bioshock 1&2"	1	15674
"(???) C&C alle Teile"	1	15675
"(???) Call of Duty diverse"	1	15676
"(???) Dirt Sc"	1	15677
"(???) EA UFC Undisputed"	1	15678
"(???) Family Guy"	1	15679
"(???) Forza Motorsport"	1	15680
"(???) Genre: Shmups"	1	15681
"(???) Ich hasse Frauen"	1	15682
"(???) Lasers"	1	15683
"(???) Metroid Prime"	1	15684
"(???) Nhl"	1	15685
"(???) PacMan"	1	15686
"(???) Pirates"	1	15687
"(???) Postal"	1	15688
"(???) Ratchet & Clank"	1	15689
"(???) Siedler"	1	15690
"(???) Simsons"	1	15691
"(???) StarCraft II inkl. BroodWar"	1	15692
"(???) StarCraft III"	1	15693
"(???) Sudoku"	1	15694
"(???) Super Mario Bros."	1	15695
"(???) Total War"	1	15696
"(???) Total War (Spielereihe)"	1	15697
"(???) Trine 1+2"	1	15698
"(???) X:COM"	1	15699
"(???) empire"	1	15700
"(???) etliche Smartphone-Spiele"	1	15701
"(???) price grab"	1	15702
"(???) simpsons spiel fuer android"	1	15703
"8 Ball Pool Billard"	1	15704
"80 days"	1	15705
"Aarklash: Legacy"	1	15706
"Age of Conan"	1	15707
"Alien Hive"	1	15708
"Alien Rage: Unlimited"	1	15709
"Aliens vs Predators (2010)"	1	15710
"Altitude"	1	15711
"Angry Birds Transformers"	1	15712
"Angry Birds: Star Wars"	1	15713
"Anstoss 3"	1	15714
"Arcania: Gothic 4"	1	15715
"Armies of Exigo"	1	15716
"Assassins Creed Black Flag"	1	15717
"Badland (2013)"	1	15718
"Baphomets Fluch: Der Sündenfall"	1	15719
"Beasts of Prey"	1	15720
"Betrayer"	1	15721
"Biohazard rebirth"	1	15722
"Bit.Trip.Runner"	1	15723
"Blobby Volley"	1	15724
"Braid"	1	15725
"Braveland"	1	15726
"Brink"	1	15727
"CSI: Hidden Crimes"	1	15728
"Castle Crush"	1	15729
"CastleMiner Z"	1	15730
"Castlevania: Lords of Shadow - Mirror o"	1	15731
"Catherine"	1	15732
"Crash Bandicoot 2"	1	15733
"Crime City"	1	15734
"Dark Project 2: The Metal Age"	1	15735
"Dark Raid"	1	15736
"Darkest of Days"	1	15737
"Darkfall Online"	1	15738
"Der Herr der Ringe: Die Schlacht um Mit"	1	15739
"Devil's Attorney"	1	15740
"Die Kunst des Mordens: Geheimakte FBI"	1	15741
"Die Siedler – Aufstieg eines Königre"	1	15742
"Donkey Kong Country"	1	15743
"Donkey Kong Country: Tropical Freeze"	1	15744
"Doom 3"	1	15745
"Dragon Age Inquisition"	1	15746
"Dragon Quest"	1	15747
"Dragon Quest IX"	1	15748
"E.Y.E: Divine Cybermancy"	1	15749
"Earn to Die"	1	15750
"Elsword"	1	15751
"Eufloria HD"	1	15752
"Euro Truck Simulator 2013"	1	15753
"Evil Genius"	1	15754
"F1 2011"	1	15755
"Fable Anniversary"	1	15756
"Fable III"	1	15757
"Fantasia: Mickey Mouse Magic"	1	15758
"Final Fight"	1	15759
"Fire Emblem: Path of Radiance"	1	15760
"Fist of Awesome"	1	15761
"Flappy Crush"	1	15762
"Flight Control"	1	15763
"Floating Point"	1	15764
"Football Manager 2015"	1	15765
"Formel 1 2011"	1	15766
"Framed"	1	15767
"FreeCell"	1	15768
"Fuchstreff: Doppelkopf für Füchse"	1	15769
"Fußball Manager 14"	1	15770
"Gabriel Knight: Sins of the Fathers 20t"	1	15771
"Gardenscape"	1	15772
"Gods Will Be Watching"	1	15773
"Gray Matter"	1	15774
"Grotesque Tactics 2: Dungeons and Donut"	1	15775
"Guild Wars"	1	15776
"Halfway"	1	15777
"Harveys Neue Augen"	1	15778
"Heroes Charge"	1	15779
"Highway Racer 3D"	1	15780
"Homeworld"	1	15781
"Hoplite"	1	15782
"Hyperdimension Neptunia Re;Birth1"	1	15783
"I Am Alive"	1	15784
"Ice Breaker"	1	15785
"Idle Oil Tycoon"	1	15786
"Imouto Ijime"	1	15787
"InWorldz"	1	15788
"Insane 2"	1	15789
"Jazz Jackrabbit 2"	1	15790
"Kalah!"	1	15791
"Kane & Lynch: Dead Men"	1	15792
"Kid Icarus: Uprising"	1	15793
"KnightShift"	1	15794
"Legacy of Kain"	1	15795
"Lego Star Wars: The Complete Saga"	1	15796
"Little Big Planet 2"	1	15797
"Lucius"	1	15798
"Lylat Wars"	1	15799
"Magic: The Gathering"	1	15800
"Mahjong Tower"	1	15801
"Mario Party 7"	1	15802
"Marvel Heroes 2015"	1	15803
"Marvel vs StreetFighter"	1	15804
"Marvel: Ultimate Alliance"	1	15805
"Medieval: Total War"	1	15806
"Metal Slug 3"	1	15807
"Might and Magic VIII: Day of the Destro"	1	15808
"Muramasa Rebirth"	1	15809
"My Lands"	1	15810
"NASCAR '14"	1	15811
"Nano Assault Neo"	1	15812
"Naruto Shippuden: Ultimate Ninja Storm"	1	15813
"New Super Mario Bros. 2"	1	15814
"New Super Mario Bros. Wii"	1	15815
"Nidhogg"	1	15816
"Nitro Nation Online"	1	15817
"Octodad"	1	15818
"Okami"	1	15819
"Outlaws"	1	15820
"P.T."	1	15821
"Pandora - First Contact"	1	15822
"Patrizier IV"	1	15823
"Peggle 2"	1	15824
"Penumbra: Overture"	1	15825
"Pharaoh"	1	15826
"Piano Tiles (Don't Tap The White Tile)"	1	15827
"PixelJunk Monsters Ultimate"	1	15828
"Pokémon Mystery Dungeon: Erkundungstea"	1	15829
"Pokémon Omega Rubin"	1	15830
"Pokémon: Schwarze Edition 2"	1	15831
"Ragnarok Online 2"	1	15832
"Rail Nation"	1	15833
"Rayman"	1	15834
"Realms of the Haunting"	1	15835
"Recruits - Make Heroes. Make History"	1	15836
"Reflec Beat plus!"	1	15837
"Rockband 3"	1	15838
"Rumble Roses XX"	1	15839
"Rune Factory 4"	1	15840
"S.K.I.L.L.-Special Force 2"	1	15841
"S.N.O.W."	1	15842
"SWAT 4"	1	15843
"Schleichfahrt"	1	15844
"Screencheat"	1	15845
"Secret Weapons over Normandy"	1	15846
"Shadow Kings"	1	15847
"Sherlock Holmes and the Hound of Basker"	1	15848
"Shift 2: Unleashed"	1	15849
"Shin Megami Tensei: Digital Devil Saga"	1	15850
"Sid Meier's Alpha Centauri"	1	15851
"Sightline: The Chair"	1	15852
"Silent Hill (1999)"	1	15853
"Sins of the Dark Age"	1	15854
"Skullgirls"	1	15855
"Skylanders: Swap Force (Starter Pack)"	1	15856
"Sonic the Hedgehog 2"	1	15857
"Spirit Stones"	1	15858
"Splice"	1	15859
"Star Wars: Episode III – Die Rache de"	1	15860
"Star Wars: Jedi Knight 2: Jedi Outcast"	1	15861
"Star Wars: The Battle of Endor"	1	15862
"StarDrive"	1	15863
"Starpoint Gemini"	1	15864
"Strategic Command World War 1"	1	15865
"Stronghold Crusader HD"	1	15866
"Summoners War: Sky Arena"	1	15867
"Sunless Sea"	1	15868
"Super Mario 64"	1	15869
"Tactical Ops"	1	15870
"Take On Helicopters"	1	15871
"Tales Of Hearts"	1	15872
"Team Fortress Classic"	1	15873
"Temple Run"	1	15874
"Tetris Ultimate"	1	15875
"The Amazing Spider-Man"	1	15876
"The Chronicles of Riddick: Escape from"	1	15877
"The Inner World"	1	15878
"The Last Remnant"	1	15879
"The Last Story"	1	15880
"The Legend of Zelda: A Link between Wor"	1	15881
"The Legend of Zelda: Twilight Princess"	1	15882
"The Night of the Rabbit"	1	15883
"The Sailor's Dream"	1	15884
"The Second World"	1	15885
"The Ship"	1	15886
"Toki Tori"	1	15887
"Tom Clancy's Rainbow Six: Rogue Spear"	1	15888
"Torchlight"	1	15889
"Townsmen"	1	15890
"Toy Soldiers"	1	15891
"Trackmania Nations"	1	15892
"Train Simulator 2014"	1	15893
"UFO: Extraterrestrials"	1	15894
"Ultima IV: Quest of the Avatar"	1	15895
"Uncharted: Drakes Schicksal"	1	15896
"Underrail"	1	15897
"Underworld Empire"	1	15898
"Velocity 2X"	1	15899
"Velvet Assassin"	1	15900
"Viscera Cleanup Detail"	1	15901
"WRC: Powerslide"	1	15902
"WWE Smackdown vs. Raw 2008"	1	15903
"Warhammer: Mark of Chaos"	1	15904
"Warzone 2100"	1	15905
"Wing Commander III: Heart of the Tiger"	1	15906
"Worms: Reloaded"	1	15907
"X-COM: Terror from the Deep"	1	15908
"Zombie Driver HD"	1	15909
"Zombie Roadkill"	1	15910
"Zoo Tycoon"	1	15911
"Zug um Zug"	1	15912
"forza horizon 2"	1	15913
"(???) -"	1	15914
"(???) Bat man"	1	15915
"(???) BlazBlue (alle Spielereihe)"	1	15916
"(???) Call of Duty Advanced Warfigher"	1	15917
"(???) Dark Souls 1+2"	1	15918
"(???) Downhill Racing"	1	15919
"(???) Family Guy (Android)"	1	15920
"(???) Genius Unternehmen Physik"	1	15921
"(???) Genre: RTS"	1	15922
"(???) Knights of the old Republic 1+2"	1	15923
"(???) Landwirtschafts -Simulator"	1	15924
"(???) M.A.X."	1	15925
"(???) Mario"	1	15926
"(???) Mass effect 1,2,3"	1	15927
"(???) Runaway 1-3"	1	15928
"(???) SPIDERMAN"	1	15929
"(???) Scooby Doo"	1	15930
"(???) Southpark"	1	15931
"(???) Tentacle Girl"	1	15932
"(???) Tentacle Wars"	1	15933
"(???) The Elder Scrolls: Oblivion/Skyrim"	1	15934
"(???) Tomb Raider 1 + 2"	1	15935
"(???) Unchartet 1-3"	1	15936
"0h h1"	1	15937
10000000	1	15938
"AaaaaAAaaaAAAaaAAAAaAAAAA!!! for the Awesome"	1	15939
"Ace Combat 6: Fires of Liberation"	1	15940
"Advance Wars: Dual Strike"	1	15941
"Alien Swarm"	1	15942
"Alundra"	1	15943
"Amazing Alex"	1	15944
"Ar nosurge: Ode to an Unborn Star"	1	15945
"Arcana Heart 3: LOVE MAX!!!!!"	1	15946
"Azkend"	1	15947
"Battlefield Play4Free"	1	15948
"BeamNG.drive"	1	15949
"Bit.Trip.Runner 2"	1	15950
"Blobby Volley 2"	1	15951
"Brave and Default"	1	15952
"Captain Toad: Treasure Tracker"	1	15953
"Caste Ville"	1	15954
"Castlevania: Lords of Shadow – Mirror of Fat"	1	15955
"Cities XL Platinum"	1	15956
"Cities in Motion"	1	15957
"ClusterPuck 99"	1	15958
"Construction Simulator 2015"	1	15959
"Cook, Serve, Delicious!"	1	15960
"Cosmonautica"	1	15961
"Costume Quest 2"	1	15962
"Crawl"	1	15963
"Croqinole"	1	15964
"DTM Experience 2014"	1	15965
"Dark Age of Camelot"	1	15966
"Darkness Reborn"	1	15967
"Darwinia"	1	15968
"Deliverance-Kingdome Comes Tech Alpha"	1	15969
"Die Gilde"	1	15970
"Die Siedler II – Die nächste Generation"	1	15971
"Dirks kostenloser Fussballmanager"	1	15972
"Dirty Bomb"	1	15973
"Doom & Destiny"	1	15974
"Doom 2"	1	15975
"Dungeon Hunter: Alliance"	1	15976
"Dungeon Raid"	1	15977
"Dungeon of Slyn"	1	15978
"EDGE Extended"	1	15979
"Earth Defense Force 2025"	1	15980
"East India Company"	1	15981
"Electronic Super Joy"	1	15982
"Estraged"	1	15983
"Euro Trucksimulator 2014"	1	15984
"F-Zero GX"	1	15985
"F1 Challenge 99-02"	1	15986
"Final Fantasy II"	1	15987
"Final Fantasy V"	1	15988
"Flow Free: Bridges"	1	15989
"Fruit Ninja"	1	15990
"Full Mojo Rampage"	1	15991
"Galactic Civilizations II"	1	15992
"Geheimakte: Sam Peters"	1	15993
"God Mode"	1	15994
"Goldeneye 007 (n64)"	1	15995
"Goodgame Empire"	1	15996
"Great Big war game"	1	15997
"Guilty Gear Xrd"	1	15998
"Haegemonia: Legions of Iron"	1	15999
"Hardboiled Chicken"	1	16000
"Hashi"	1	16001
"Heroes of Might and Magic 5"	1	16002
"Heroes of Might and Magic 6"	1	16003
"Hitman GO"	1	16004
"Horizon 2"	1	16005
"Ice Age: Die Siedlung"	1	16006
"Indiana Jones and the Fate of Atlantis"	1	16007
"Indiana Jones-greatest Adventures"	1	16008
"Just Dance 2014"	1	16009
"Just Dance 2015"	1	16010
"Kentucky Route Zero"	1	16011
"Landmark"	1	16012
"LittleBigPlanet: Karting"	1	16013
"Maia"	1	16014
"Manhunt"	1	16015
"Mata Hari"	1	16016
"Max & Mario - Die Rache des Dr. Düster"	1	16017
"McPixel"	1	16018
"MechWarrior 4: Mercenaries"	1	16019
"Monopoly Plus"	1	16020
"NBA 2K12"	1	16021
"Naruto Shippuden: Ultimate Ninja Storm Revolut"	1	16022
"Neuroshima Hex"	1	16023
"Nimble Quest"	1	16024
"ORION: Prelude"	1	16025
"Obulis"	1	16026
"Pizza Connection"	1	16027
"Pokémon Showdown"	1	16028
"Pokémon Trading Card Game Online"	1	16029
"Pokémon: Smaragd-Edition"	1	16030
"Pro Cycling Manager 2013"	1	16031
"Pro Evolution Soccer 6"	1	16032
"Professor Layton und die Maske der Wunder"	1	16033
"Real Racing 3"	1	16034
"Real World Racing"	1	16035
"Renegade Ops"	1	16036
"Rise of Flight"	1	16037
"Sacred 3"	1	16038
"Sauspiel Schafkopf"	1	16039
"School of Dragons"	1	16040
"Serious Sam 2 HD"	1	16041
"Shadow Man"	1	16042
"Shantae"	1	16043
"Shattered Horizon"	1	16044
"Sing Party"	1	16045
"Skull Girls"	1	16046
"Skylanders: Trap Team"	1	16047
"Sniper Elite: Zombie Army"	1	16048
"Sonic Boom: Rise of Lyric"	1	16049
"Space Trader (Eigenproduktion)"	1	16050
"Spider-Man Unlimited"	1	16051
"Star Wars: The Force Unleashed"	1	16052
"Star Wars: X-Wing"	1	16053
"Starwhal"	1	16054
"Still Life 2"	1	16055
"Subway Surfers"	1	16056
"Sudeki"	1	16057
"Sudoku Free"	1	16058
"Supersonic Acrobatic Rocket-Powered Battle-Car"	1	16059
"Sword of the Stars: The Pit"	1	16060
"Söldner – Secret Wars"	1	16061
"Tales of Xillia"	1	16062
"Tangled"	1	16063
"Tekken 6"	1	16064
"Teleglitch"	1	16065
"Texas Hold'Em King 2"	1	16066
"The Age of Decadence"	1	16067
"The Battle for Wesnoth"	1	16068
"The Bridge"	1	16069
"The Golf Club"	1	16070
"The Hunter"	1	16071
"The Last Tinker: City of Colors"	1	16072
"The Wonderful 101"	1	16073
"The Yawhg"	1	16074
"Theme Hospital"	1	16075
"Tiny Tower"	1	16076
"Titan Attacks!"	1	16077
"Township"	1	16078
"TrackMania United"	1	16079
"Transformers: Fall of Cybertron"	1	16080
"Turok 2: Seeds of Evil"	1	16081
"UFO: Enemy Unknown"	1	16082
"Und mehr"	1	16083
"Universe Sandbox"	1	16084
"Unmechanical"	1	16085
"Vainglory"	1	16086
"WWE 2k13"	1	16087
"War of the Roses"	1	16088
"Wario Ware, Inc. Minigame Mania"	1	16089
"Warlock: Master of Arcane"	1	16090
"Wii Fit U"	1	16091
"Wizard's Choice"	1	16092
"World Cruise Story"	1	16093
"World In Conflict"	1	16094
"World Soccer Winning Eleven 9"	1	16095
"World War II Online"	1	16096
"Worms 2: Armageddon"	1	16097
"X3: Gold Edition"	1	16098
"XCOM UFO Defense"	1	16099
"prey"	1	16100
